date,open,high,low,close,adjclose,volume
2021-09-15,40.0,42.125,39.900001525878906,40.709999084472656,40.67879867553711,526600.0
2021-09-16,40.709999084472656,42.095001220703125,38.834999084472656,40.70000076293945,40.66880798339844,418950.0
2021-09-17,39.29999923706055,41.0099983215332,39.09999847412109,40.54499816894531,40.51392364501953,304650.0
2021-09-20,39.09999847412109,42.18999862670898,38.72499847412109,40.540000915527344,40.50893020629883,560340.0
2021-09-21,40.0,43.34000015258789,39.334999084472656,42.07500076293945,42.04275131225586,697950.0
2021-09-22,42.59000015258789,43.400001525878906,41.68999862670898,42.41999816894531,42.38748550415039,455060.0
2021-09-23,42.98500061035156,43.39500045776367,41.900001525878906,42.10499954223633,42.072731018066406,189090.0
2021-09-24,42.36000061035156,42.75,40.77000045776367,41.13999938964844,41.10846710205078,208850.0
2021-09-27,41.68999862670898,41.68999862670898,40.58000183105469,40.78499984741211,40.75373840332031,223110.0
2021-09-28,41.0,41.9900016784668,40.20000076293945,40.51499938964844,40.48394775390625,170010.0
2021-09-29,39.54999923706055,41.68000030517578,39.54999923706055,41.09000015258789,41.05850601196289,562320.0
2021-09-30,41.13999938964844,43.025001525878906,40.310001373291016,40.68999862670898,40.658809661865234,557180.0
2021-10-01,40.5,40.5,39.95500183105469,40.130001068115234,40.0992431640625,471850.0
2021-10-04,40.16999816894531,42.9900016784668,40.0,42.45000076293945,42.41746520996094,1612780.0
2021-10-05,42.45000076293945,43.21500015258789,41.60499954223633,42.26499938964844,42.23260498046875,327210.0
2021-10-06,42.26499938964844,42.98500061035156,39.77999877929688,40.59000015258789,40.55889129638672,377680.0
2021-10-07,40.630001068115234,42.39500045776367,40.630001068115234,41.43999862670898,41.40823745727539,308310.0
2021-10-08,42.25,49.72499847412109,41.0099983215332,48.98500061035156,48.94745635986328,3458560.0
2021-10-11,50.5,57.79999923706055,50.0,55.90499877929688,55.862152099609375,6777150.0
2021-10-12,56.685001373291016,57.400001525878906,52.415000915527344,54.17499923706055,54.13348007202149,1720730.0
2021-10-13,54.17499923706055,59.650001525878906,53.0,57.26499938964844,57.22111129760742,1289940.0
2021-10-14,57.75,57.915000915527344,54.20500183105469,54.57500076293945,54.53317260742188,522610.0
2021-10-18,55.59999847412109,55.59999847412109,53.0,53.834999084472656,53.793739318847656,700180.0
2021-10-19,54.7400016784668,54.90999984741211,49.025001525878906,50.185001373291016,50.14653778076172,628350.0
2021-10-20,49.29999923706055,49.97999954223633,42.560001373291016,47.095001220703125,47.05890655517578,1132820.0
2021-10-21,46.70500183105469,49.85499954223633,46.70500183105469,48.89500045776367,48.85752868652344,445480.0
2021-10-22,50.0,50.900001525878906,46.5,47.025001525878906,46.98896026611328,511560.0
2021-10-25,47.59999847412109,49.900001525878906,43.09999847412109,48.040000915527344,48.00318145751953,809890.0
2021-10-26,47.04999923706055,51.38999938964844,47.04999923706055,50.65499877929688,50.616172790527344,609120.0
2021-10-27,50.65499877929688,51.994998931884766,49.505001068115234,50.125,50.08658599853516,346120.0
2021-10-28,50.125,51.59999847412109,48.630001068115234,49.275001525878906,49.23723602294922,389030.0
2021-10-29,49.275001525878906,53.0,47.875,50.119998931884766,50.08158493041992,1042920.0
2021-11-01,50.15499877929688,52.880001068115234,49.845001220703125,51.02000045776367,50.98089599609375,531450.0
2021-11-02,51.79999923706055,51.79999923706055,50.09999847412109,50.959999084472656,50.92094039916992,582410.0
2021-11-03,50.42499923706055,51.38999938964844,50.06999969482422,50.540000915527344,50.50126647949219,174170.0
2021-11-04,52.5,53.0,52.0,52.69499969482422,52.65461349487305,293360.0
2021-11-08,53.29999923706055,55.900001525878906,52.72999954223633,54.810001373291016,54.76799011230469,598910.0
2021-11-09,56.56499862670898,56.900001525878906,54.5,54.834999084472656,54.79297256469727,715050.0
2021-11-10,54.79499816894531,55.65999984741211,53.0099983215332,54.06499862670898,54.0235595703125,268480.0
2021-11-11,52.70000076293945,55.400001525878906,52.29999923706055,53.09000015258789,53.04930877685547,284570.0
2021-11-12,54.4900016784668,54.4900016784668,52.09999847412109,52.54499816894531,52.50472640991211,223000.0
2021-11-15,54.9900016784668,54.9900016784668,51.90999984741211,52.17499923706055,52.135009765625,367150.0
2021-11-16,52.29999923706055,53.22999954223633,51.72999954223633,52.505001068115234,52.46475982666016,367030.0
2021-11-17,53.0,53.0,51.80500030517578,52.18000030517578,52.14000701904297,289270.0
2021-11-18,51.5,52.869998931884766,50.29999923706055,51.65499877929688,51.61540985107422,629080.0
2021-11-22,50.61000061035156,51.28499984741211,48.869998931884766,49.380001068115234,49.34215545654297,356540.0
2021-11-23,48.11000061035156,52.0,48.11000061035156,51.09000015258789,51.05084228515625,587870.0
2021-11-24,51.900001525878906,54.20000076293945,51.19499969482422,52.275001525878906,52.23493576049805,788270.0
2021-11-25,52.400001525878906,62.0,52.005001068115234,59.255001068115234,59.20958709716797,3292970.0
2021-11-26,59.2599983215332,59.2599983215332,52.54999923706055,56.79999923706055,56.756465911865234,1172020.0
2021-11-29,57.79999923706055,58.4900016784668,50.5,52.345001220703125,52.30488204956055,829360.0
2021-11-30,52.5,56.5,52.5,53.560001373291016,53.518951416015625,743750.0
2021-12-01,53.5,56.97999954223633,53.5,56.22999954223633,56.1869010925293,821770.0
2021-12-02,56.09000015258789,65.19999694824219,55.79999923706055,64.55999755859375,64.5105209350586,4638550.0
2021-12-03,64.61000061035156,65.4800033569336,60.65999984741211,61.185001373291016,61.13810729980469,1443790.0
2021-12-06,61.76499938964844,62.52999877929688,58.5,58.790000915527344,58.74494171142578,895360.0
2021-12-07,59.220001220703125,61.17499923706055,58.720001220703125,59.880001068115234,59.8341064453125,1044930.0
2021-12-08,60.20000076293945,67.4749984741211,59.5099983215332,64.90499877929688,64.85525512695312,2892130.0
2021-12-09,65.38500213623047,66.5,63.31999969482422,64.50499725341797,64.45555877685547,1031500.0
2021-12-10,64.3949966430664,65.0,62.73500061035156,63.70000076293945,63.651180267333984,628990.0
2021-12-13,64.3499984741211,68.37999725341797,63.58000183105469,65.94999694824219,65.89944458007812,1622250.0
2021-12-14,65.77999877929688,72.6050033569336,65.57499694824219,71.42500305175781,71.3702621459961,3913290.0
2021-12-15,71.48999786376953,74.3949966430664,68.40499877929688,69.58999633789062,69.53665924072266,2216230.0
2021-12-16,70.6500015258789,72.3550033569336,67.12999725341797,67.98500061035156,67.93289947509766,875150.0
2021-12-17,68.55999755859375,69.33999633789062,65.19999694824219,66.54499816894531,66.4939956665039,680050.0
2021-12-20,66.00499725341797,66.49500274658203,60.97999954223633,64.80000305175781,64.7503433227539,1517920.0
2021-12-21,64.0999984741211,67.4800033569336,63.10499954223633,63.81499862670898,63.76608657836914,637560.0
2021-12-22,64.5,73.25,64.18000030517578,71.23500061035156,71.18040466308594,2441540.0
2021-12-23,72.11000061035156,72.11000061035156,69.0250015258789,69.40499877929688,69.351806640625,847230.0
2021-12-24,69.40499877929688,71.00499725341797,68.82499694824219,70.11000061035156,70.05626678466797,586380.0
2021-12-27,71.0,78.0,68.55500030517578,77.375,77.3156967163086,2651910.0
2021-12-28,77.98999786376953,82.3499984741211,77.11000061035156,77.69499969482422,77.63545227050781,2459440.0
2021-12-29,78.18000030517578,86.19999694824219,77.69999694824219,81.30999755859375,81.24767303466797,3941570.0
2021-12-30,82.0999984741211,84.48999786376953,80.11499786376953,80.73999786376953,80.67811584472656,1423220.0
2021-12-31,81.37000274658203,82.49500274658203,79.81500244140625,80.27999877929688,80.21846771240234,840320.0
2022-01-03,80.98999786376953,82.01000213623047,77.01499938964844,78.08999633789062,78.03014373779297,1221160.0
2022-01-04,78.08999633789062,79.98999786376953,76.25499725341797,78.625,78.56473541259766,1102640.0
2022-01-05,78.625,85.30000305175781,78.01000213623047,84.3499984741211,84.28535461425781,2173970.0
2022-01-06,83.0,86.44499969482422,82.19999694824219,83.45500183105469,83.39103698730469,1512700.0
2022-01-07,83.44999694824219,87.1449966430664,83.44999694824219,84.37999725341797,84.31532287597656,1826720.0
2022-01-10,84.5,84.80500030517578,81.6449966430664,82.66999816894531,82.60663604736328,925200.0
2022-01-11,82.0999984741211,86.19999694824219,81.90499877929688,82.55000305175781,82.48673248291016,1009250.0
2022-01-12,83.0,83.99500274658203,78.44999694824219,80.04000091552734,79.9786605834961,966890.0
2022-01-13,80.30000305175781,83.80000305175781,79.00499725341797,83.21499633789062,83.15121459960938,767790.0
2022-01-14,82.9749984741211,84.22000122070312,80.91000366210938,82.625,82.5616683959961,742610.0
2022-01-17,82.58000183105469,82.8550033569336,81.5,82.18499755859375,82.12200927734375,354720.0
2022-01-18,82.76499938964844,83.9000015258789,81.4000015258789,81.77999877929688,81.71731567382812,469810.0
2022-01-19,81.5999984741211,82.48999786376953,80.0,80.32499694824219,80.26343536376953,478960.0
2022-01-20,80.4000015258789,81.05000305175781,79.59500122070312,80.33000183105469,80.2684326171875,331020.0
2022-01-21,79.48999786376953,79.55000305175781,72.91500091552734,75.33499908447266,75.27725982666016,1115950.0
2022-01-24,75.5,76.36000061035156,70.19999694824219,72.2699966430664,72.21460723876953,941300.0
2022-01-25,70.23999786376953,79.91999816894531,70.23999786376953,75.61000061035156,75.55205535888672,1032610.0
2022-01-27,73.62000274658203,79.4000015258789,72.125,78.08999633789062,78.03014373779297,703750.0
2022-01-28,79.80000305175781,80.7249984741211,75.19999694824219,76.18499755859375,76.12660217285156,735420.0
2022-01-31,76.11000061035156,78.0250015258789,73.4800033569336,75.625,75.5670394897461,769700.0
2022-02-01,76.5,78.25499725341797,74.5999984741211,76.79000091552734,76.73114013671875,789010.0
2022-02-02,77.37999725341797,78.9000015258789,76.11000061035156,76.75,76.69117736816406,418420.0
2022-02-03,77.08499908447266,77.79499816894531,74.23999786376953,75.8949966430664,75.83683013916016,527640.0
2022-02-04,75.5,76.5,74.50499725341797,75.13500213623047,75.0774154663086,317560.0
2022-02-07,75.69999694824219,79.4000015258789,73.01499938964844,75.08999633789062,75.0324478149414,751620.0
2022-02-08,75.0,77.9000015258789,74.0,74.8499984741211,74.7926254272461,590220.0
2022-02-09,76.0,77.4800033569336,73.01499938964844,73.44000244140625,73.38372039794922,741590.0
2022-02-10,73.51499938964844,74.9000015258789,72.3499984741211,73.92500305175781,73.86834716796875,546360.0
2022-02-11,73.92500305175781,74.18000030517578,70.62000274658203,71.33999633789062,71.28531646728516,740710.0
2022-02-14,70.0,71.0,67.19999694824219,68.38500213623047,68.33258819580078,719110.0
2022-02-15,68.5,70.19499969482422,63.060001373291016,67.4800033569336,67.42828369140625,1239270.0
2022-02-16,69.4800033569336,69.56999969482422,65.0,66.0,65.94940948486328,970170.0
2022-02-17,66.98500061035156,67.8499984741211,64.61000061035156,64.9000015258789,64.85025787353516,528100.0
2022-02-18,65.19999694824219,66.55000305175781,64.01000213623047,64.58999633789062,64.54049682617188,1105160.0
2022-02-21,64.4000015258789,64.83999633789062,61.3849983215332,63.51499938964844,63.4663200378418,987660.0
2022-02-22,58.0,62.41999816894531,58.0,61.125,61.07815170288086,712180.0
2022-02-23,61.20000076293945,63.60499954223633,61.0,61.18999862670898,61.14310073852539,409850.0
2022-02-24,57.0,60.5,55.68000030517578,59.06999969482422,59.02472686767578,1289810.0
2022-02-25,60.900001525878906,64.98999786376953,60.0,63.470001220703125,63.42135620117188,506070.0
2022-02-28,62.5,62.79499816894531,60.5,61.19499969482422,61.14809799194336,816360.0
2022-03-02,61.150001525878906,62.33000183105469,60.20000076293945,60.880001068115234,60.83333969116211,803430.0
2022-03-03,61.0,67.23999786376953,61.0,65.93499755859375,65.88446044921875,1251740.0
2022-03-04,64.0999984741211,65.69999694824219,62.59999847412109,63.040000915527344,62.99168395996094,520400.0
2022-03-07,60.09999847412109,61.869998931884766,59.55500030517578,61.435001373291016,61.387916564941406,340260.0
2022-03-08,61.20000076293945,62.95000076293945,60.59999847412109,62.19499969482422,62.14733123779297,301160.0
2022-03-09,63.16999816894531,65.51499938964844,63.130001068115234,65.01000213623047,64.9601821899414,243970.0
2022-03-10,67.48999786376953,68.0,64.20999908447266,66.4800033569336,66.4290542602539,424040.0
2022-03-11,67.30000305175781,68.5,66.0,67.81500244140625,67.76303100585938,248270.0
2022-03-14,68.19999694824219,69.4000015258789,68.19999694824219,69.1449966430664,69.09200286865234,135170.0
2022-03-15,69.4000015258789,69.4000015258789,64.45500183105469,65.08000183105469,65.0301284790039,196260.0
2022-03-16,66.48999786376953,68.79499816894531,65.67500305175781,66.38500213623047,66.33412170410156,132080.0
2022-03-17,67.36000061035156,68.58999633789062,67.0999984741211,67.2300033569336,67.17847442626953,100790.0
2022-03-21,68.0,72.87999725341797,67.41999816894531,71.67500305175781,71.62007141113281,727570.0
2022-03-22,72.0,72.0,68.30000305175781,68.75,68.69731140136719,311090.0
2022-03-23,69.58000183105469,69.58000183105469,66.9749984741211,67.33000183105469,67.27839660644531,259000.0
2022-03-24,67.0250015258789,70.4000015258789,67.0250015258789,69.52999877929688,69.47671508789062,203520.0
2022-03-25,70.57499694824219,71.49500274658203,68.4000015258789,70.76000213623047,70.70577239990234,343960.0
2022-03-28,71.3550033569336,73.00499725341797,68.58000183105469,72.03500366210938,71.97979736328125,607830.0
2022-03-29,72.9000015258789,77.0,71.84500122070312,75.58999633789062,75.53206634521484,995150.0
2022-03-30,76.88500213623047,77.75499725341797,74.25,75.3550033569336,75.29724884033203,315100.0
2022-03-31,75.9000015258789,75.90499877929688,72.2699966430664,73.11000061035156,73.05397033691406,377940.0
2022-04-01,73.69999694824219,76.9800033569336,72.73500061035156,74.97000122070312,74.91253662109375,210650.0
2022-04-04,77.0,77.0,73.76000213623047,75.05999755859375,75.0024642944336,228810.0
2022-04-05,75.19999694824219,79.5,74.0250015258789,77.44000244140625,77.38065338134766,728980.0
2022-04-06,77.44000244140625,78.31500244140625,75.31999969482422,76.41500091552734,76.35643005371094,252610.0
2022-04-07,76.19999694824219,78.0,75.0,76.20500183105469,76.14659118652344,265420.0
2022-04-08,76.19999694824219,77.37999725341797,74.80000305175781,76.75,76.69117736816406,146830.0
2022-04-11,77.49500274658203,77.49500274658203,72.61000061035156,73.75,73.69347381591797,323660.0
2022-04-12,73.9800033569336,74.4000015258789,71.5,71.9749984741211,71.91983032226562,415020.0
2022-04-13,72.4749984741211,77.80000305175781,72.11000061035156,74.74500274658203,74.68771362304688,1103300.0
2022-04-18,74.5,82.80000305175781,73.70500183105469,81.87000274658203,81.80725860595703,1786960.0
2022-04-19,82.98999786376953,84.31500244140625,79.5199966430664,80.61000061035156,80.5482177734375,2210120.0
2022-04-20,80.50499725341797,83.31999969482422,80.41000366210938,80.58000183105469,80.51824951171875,639790.0
2022-04-21,81.98999786376953,82.9000015258789,79.82499694824219,80.55999755859375,80.49825286865234,357920.0
2022-04-22,80.0999984741211,81.75499725341797,78.3949966430664,78.61499786376953,78.55474853515625,537940.0
2022-04-25,78.5,79.375,77.125,77.4000015258789,77.3406753540039,224130.0
2022-04-26,78.5,78.94499969482422,77.0,77.25499725341797,77.19579315185547,207970.0
2022-04-27,76.05500030517578,82.80000305175781,75.0999984741211,81.875,81.81224822998047,820160.0
2022-04-28,82.69999694824219,82.81999969482422,79.56500244140625,80.26000213623047,80.198486328125,1340540.0
2022-04-29,81.69499969482422,81.69499969482422,78.30000305175781,78.87999725341797,78.81954193115234,491830.0
2022-05-02,76.5999984741211,79.00499725341797,76.5999984741211,78.01000213623047,77.95021057128906,186690.0
2022-05-04,79.27999877929688,79.27999877929688,74.11000061035156,75.69499969482422,75.6369857788086,629350.0
2022-05-05,77.0999984741211,78.3550033569336,75.55000305175781,77.17500305175781,77.11585235595703,452850.0
2022-05-06,76.0,76.0,72.5,74.08000183105469,74.02322387695312,763310.0
2022-05-09,74.11499786376953,74.8949966430664,70.5,70.79000091552734,70.73574829101562,233960.0
2022-05-10,71.19999694824219,72.47000122070312,68.5,70.03500366210938,69.9813232421875,208560.0
2022-05-11,70.69999694824219,72.19999694824219,63.60499954223633,65.86000061035156,65.80952453613281,553200.0
2022-05-12,64.80000305175781,65.0,59.48500061035156,61.29999923706055,61.25301742553711,720640.0
2022-05-13,62.9900016784668,66.66000366210938,62.03499984741211,62.56499862670898,62.51704788208008,320930.0
2022-05-16,62.56999969482422,65.4000015258789,59.64500045776367,61.79999923706055,61.75263214111328,428460.0
2022-05-17,64.0,65.4000015258789,61.900001525878906,64.44499969482422,64.3956069946289,417680.0
2022-05-18,65.19999694824219,68.99500274658203,65.19999694824219,66.70999908447266,66.65886688232422,322450.0
2022-05-19,62.130001068115234,67.30000305175781,62.130001068115234,66.04000091552734,65.98938751220703,244280.0
2022-05-20,67.3550033569336,68.49500274658203,66.1050033569336,67.46499633789062,67.41329193115234,152660.0
2022-05-23,68.98999786376953,74.22000122070312,66.58999633789062,73.38500213623047,73.3287582397461,762040.0
2022-05-24,74.5,75.0,71.375,72.5199966430664,72.46441650390625,1519300.0
2022-05-25,73.38999938964844,73.38999938964844,68.19999694824219,69.40499877929688,69.351806640625,187710.0
2022-05-26,69.44499969482422,71.4000015258789,65.9000015258789,68.20500183105469,68.15272521972656,587400.0
2022-05-27,68.83999633789062,71.05000305175781,68.33000183105469,69.18000030517578,69.1269760131836,333210.0
2022-05-30,75.5999984741211,81.58999633789062,75.5999984741211,77.83499908447266,77.77534484863281,2975360.0
2022-05-31,78.69499969482422,90.9000015258789,78.0,88.625,88.55707550048828,8321030.0
2022-06-01,89.79499816894531,100.4000015258789,85.20999908447266,90.4749984741211,90.40565490722656,15904260.0
2022-06-02,88.98999786376953,93.5,87.5,89.72000122070312,89.65123748779297,3561550.0
2022-06-03,89.80000305175781,90.62000274658205,86.0250015258789,86.86000061035156,86.79342651367188,1030870.0
2022-06-06,89.2750015258789,94.33000183105467,88.27999877929688,92.4800033569336,92.40911865234376,1897930.0
2022-06-07,92.0,97.7699966430664,90.62999725341795,96.1050033569336,96.0313491821289,1768490.0
2022-06-08,96.95999908447266,97.6999969482422,91.8000030517578,92.4749984741211,92.40412902832033,663260.0
2022-06-09,90.1999969482422,95.0,90.0999984741211,94.62000274658205,94.5474853515625,579800.0
2022-06-10,93.5999984741211,94.29000091552734,92.0,92.37000274658205,92.29920959472656,266540.0
2022-06-13,90.5,91.47000122070312,87.73500061035156,89.95999908447266,89.89105224609375,865930.0
2022-06-14,88.19999694824219,93.5,88.19999694824219,91.01000213623048,90.94024658203124,611050.0
2022-06-15,90.9000015258789,94.5,90.0,91.24500274658205,91.1750717163086,413270.0
2022-06-16,91.77999877929688,92.37000274658205,87.29000091552734,88.09500122070312,88.0274887084961,920980.0
2022-06-17,88.5,89.875,84.5,85.27999877929688,85.21463775634766,488130.0
2022-06-20,84.31500244140625,88.38999938964844,81.7300033569336,84.19999694824219,84.13545989990234,818810.0
2022-06-21,83.69999694824219,85.0,80.5,83.86000061035156,83.79573059082031,109770.0
2022-06-22,83.76000213623047,83.80000305175781,82.0,83.4800033569336,83.41602325439453,63720.0
2022-06-23,83.4800033569336,84.0,81.0,82.98999786376953,82.9263916015625,69050.0
2022-06-24,82.19999694824219,87.0999984741211,82.19999694824219,86.96499633789062,86.89834594726562,163380.0
2022-06-27,89.9000015258789,91.30999755859376,87.4000015258789,90.52999877929688,90.46061706542967,208120.0
2022-06-28,92.0199966430664,93.77999877929688,88.19999694824219,88.88500213623047,88.81687927246094,81230.0
2022-06-29,88.99500274658203,90.1999969482422,85.1050033569336,90.02999877929688,89.96099853515625,77510.0
2022-06-30,88.70999908447266,91.5199966430664,87.19999694824219,87.55500030517578,87.48789978027344,38200.0
2022-07-01,87.55500030517578,89.4000015258789,85.4000015258789,89.06999969482422,89.0017318725586,83400.0
2022-07-04,86.9000015258789,90.0,86.9000015258789,89.33999633789062,89.27152252197266,49950.0
2022-07-05,89.0,91.0,88.0,90.09500122070312,90.02594757080078,74970.0
2022-07-06,90.99500274658205,90.99500274658205,86.4000015258789,89.9000015258789,89.83110046386719,69190.0
2022-07-07,91.3000030517578,93.1999969482422,90.0,92.87999725341795,92.80880737304688,165400.0
2022-07-08,93.1999969482422,94.8000030517578,91.5,93.13999938964844,93.06861114501952,127090.0
2022-07-11,91.15499877929688,94.98999786376952,91.15499877929688,93.3499984741211,93.27845001220705,56100.0
2022-07-12,93.69499969482422,94.0999984741211,92.0999984741211,93.5749969482422,93.50328063964844,51580.0
2022-07-13,92.5,94.88999938964844,90.61000061035156,91.125,91.05516052246094,59280.0
2022-07-14,90.1050033569336,92.1999969482422,90.1050033569336,90.41000366210938,90.34071350097656,34450.0
2022-07-15,90.41000366210938,91.9000015258789,90.0,90.80999755859376,90.74040222167967,25180.0
2022-07-18,93.46499633789062,93.46499633789062,91.0,91.44499969482422,91.37491607666016,102130.0
2022-07-19,90.1999969482422,92.25,89.0,92.00499725341795,91.93448638916016,47740.0
2022-07-20,92.00499725341795,93.5,91.5,93.25499725341795,93.18352508544922,54380.0
2022-07-21,93.0,94.5,91.66999816894533,93.29499816894533,93.22349548339844,62700.0
2022-07-22,93.6999969482422,93.98999786376952,92.5,92.95999908447266,92.88875579833984,48790.0
2022-07-25,95.0,95.0,92.4000015258789,92.88500213623048,92.81381225585938,72260.0
2022-07-26,92.5,93.5,90.0,91.25,91.18006134033205,63460.0
2022-07-27,90.5,91.91999816894533,89.0,90.98500061035156,90.91526794433594,41750.0
2022-07-28,90.5,92.87000274658205,89.0999984741211,91.48500061035156,91.41488647460938,133320.0
2022-07-29,92.8000030517578,95.3000030517578,90.5,93.7249984741211,93.65316009521484,206450.0
2022-08-01,95.3949966430664,95.3949966430664,92.125,94.12000274658205,94.04786682128906,72620.0
2022-08-02,94.1999969482422,96.0,93.5,95.0250015258789,94.9521713256836,163860.0
2022-08-03,95.5,95.5,93.66000366210938,94.36499786376952,94.29267120361328,70520.0
2022-08-04,94.5999984741211,94.8000030517578,92.9000015258789,94.05500030517578,93.98291015625,116050.0
2022-08-05,92.0,94.49500274658205,91.97000122070312,92.29000091552734,92.21926879882812,57570.0
2022-08-08,92.01000213623048,94.0999984741211,91.0,91.56500244140624,91.49481964111328,55500.0
2022-08-10,93.0999984741211,93.0999984741211,90.01000213623047,91.1500015258789,91.08013916015624,62310.0
2022-08-11,90.1050033569336,91.98500061035156,86.59500122070312,90.80999755859376,90.74040222167967,248130.0
2022-08-12,90.54000091552734,90.6999969482422,87.80000305175781,89.3949966430664,89.32647705078125,261170.0
2022-08-16,89.5,92.3000030517578,88.5,91.5,91.42987060546876,158470.0
2022-08-17,92.9000015258789,92.9000015258789,90.0999984741211,90.59500122070312,90.52556610107422,93610.0
2022-08-18,90.9000015258789,92.0,89.0,89.625,89.55630493164062,108510.0
2022-08-19,89.5,91.91999816894533,89.0,90.37000274658205,90.30074310302734,96010.0
2022-08-22,90.98999786376952,90.98999786376952,87.80000305175781,88.43499755859375,88.36721801757812,68780.0
2022-08-23,89.5,90.0,87.4000015258789,88.33499908447266,88.26729583740234,63180.0
2022-08-24,88.33499908447266,90.0,87.5,89.28500366210938,89.2165756225586,39730.0
2022-08-25,88.11000061035156,89.9000015258789,87.4000015258789,87.98999786376953,87.92256164550781,112150.0
2022-08-26,89.79000091552734,89.79000091552734,85.5,86.41000366210938,86.34378051757812,106350.0
2022-08-29,84.9000015258789,90.3000030517578,82.0999984741211,89.99500274658203,89.92603302001953,162300.0
2022-08-30,90.79499816894533,94.48999786376952,88.4000015258789,90.08499908447266,90.01596069335938,107330.0
2022-09-01,92.0,92.6999969482422,88.19999694824219,88.875,88.80687713623047,45150.0
2022-09-02,90.6999969482422,91.4000015258789,88.07499694824219,88.91000366210938,88.84185791015625,44240.0
2022-09-05,88.91000366210938,91.0,88.80000305175781,89.88999938964844,89.82110595703125,33880.0
2022-09-06,88.51000213623047,90.37999725341795,87.9000015258789,89.07499694824219,89.00672912597656,54390.0
2022-09-07,89.08000183105469,91.0,88.01000213623047,89.77999877929688,89.71118927001953,57760.0
2022-09-08,88.69999694824219,90.8000030517578,88.69999694824219,90.00499725341797,89.9360122680664,79910.0
2022-09-09,90.3000030517578,93.0,89.9000015258789,91.25499725341795,91.18505859375,227660.0
2022-09-12,91.6999969482422,93.3000030517578,90.0,90.53500366210938,90.46561431884766,86070.0
2022-09-13,90.50499725341795,95.05999755859376,90.5,95.05999755859376,94.98713684082033,375280.0
2022-09-14,93.0,99.80999755859376,93.0,99.80999755859376,99.7334976196289,792320.0
2022-09-15,104.4000015258789,104.4000015258789,97.5,98.01000213623048,97.93488311767578,3133250.0
2022-09-16,100.0999984741211,102.91000366210938,98.50499725341795,102.79499816894533,102.71621704101562,933730.0
2022-09-19,104.3000030517578,107.0,101.0500030517578,103.6050033569336,103.52559661865234,489480.0
2022-09-20,104.9000015258789,108.78500366210938,103.0999984741211,108.78500366210938,108.70162963867188,730070.0
2022-09-21,109.9000015258789,111.0,105.0,106.1050033569336,106.02367401123048,458770.0
2022-09-22,108.79000091552734,109.56500244140624,105.0250015258789,106.12999725341795,106.04865264892578,231630.0
2022-09-23,105.00499725341795,107.7750015258789,104.0250015258789,104.54000091552734,104.45987701416016,203580.0
2022-09-26,100.5,104.0,99.31500244140624,99.9000015258789,99.82343292236328,419790.0
2022-09-27,97.8499984741211,104.8000030517578,97.8499984741211,104.16500091552734,104.0851593017578,225470.0
2022-09-28,105.88999938964844,105.9000015258789,100.31500244140624,101.68000030517578,101.60206604003906,339280.0
2022-09-29,103.05999755859376,103.5,100.0,100.5749969482422,100.49791717529295,166010.0
2022-09-30,97.6999969482422,102.9000015258789,97.6999969482422,102.51499938964844,102.43643188476562,84050.0
2022-10-03,102.5,103.0,99.36000061035156,100.13500213623048,100.0582504272461,191780.0
2022-10-04,101.25,103.0,100.5999984741211,101.98999786376952,101.91182708740234,160190.0
2022-10-06,103.0,107.08499908447266,100.61000061035156,102.58000183105467,102.50138092041016,348790.0
2022-10-07,103.4000015258789,103.48999786376952,102.00499725341795,103.01000213623048,102.9310531616211,172930.0
2022-10-10,103.0,108.0999984741211,102.0,107.51000213623048,107.42759704589844,2096940.0
2022-10-11,108.5,114.38999938964844,108.15499877929688,109.83999633789062,109.7558135986328,1280330.0
2022-10-12,109.8000030517578,110.84500122070312,104.26000213623048,105.7300033569336,105.6489715576172,285710.0
2022-10-13,104.6449966430664,106.0,103.5,105.1449966430664,105.0644073486328,215580.0
2022-10-14,105.5,108.88999938964844,104.50499725341795,105.04000091552734,104.9594955444336,132290.0
2022-10-17,105.83000183105467,105.83000183105467,103.1999969482422,104.24500274658205,104.16510772705078,102360.0
2022-10-18,104.0,108.4000015258789,103.1999969482422,107.4800033569336,107.39762878417967,327290.0
2022-10-19,108.6999969482422,109.49500274658205,106.0250015258789,107.41000366210938,107.3276824951172,385270.0
2022-10-20,107.0,107.9000015258789,106.00499725341795,107.21499633789062,107.13282012939452,128970.0
2022-10-21,108.1999969482422,112.9000015258789,107.5,111.69000244140624,111.60440063476562,649070.0
2022-10-24,111.69000244140624,112.5,108.0,109.5199966430664,109.4360580444336,205590.0
2022-10-25,110.5999984741211,110.5999984741211,108.00499725341795,108.86000061035156,108.7765655517578,81470.0
2022-10-27,109.0,109.5,107.0,107.43499755859376,107.3526611328125,104050.0
2022-10-28,107.0,108.7300033569336,106.0,106.3949966430664,106.3134536743164,97130.0
2022-10-31,107.45999908447266,108.69000244140624,103.41000366210938,104.7249984741211,104.6447296142578,130080.0
2022-11-01,104.99500274658205,105.0,98.01000213623048,101.56500244140624,101.4871597290039,428070.0
2022-11-02,103.68499755859376,104.9499969482422,101.5,103.68000030517578,103.60053253173828,85940.0
2022-11-03,103.51000213623048,104.4000015258789,100.26000213623048,101.09500122070312,101.01751708984376,70890.0
2022-11-04,100.1050033569336,103.0,100.1050033569336,101.47000122070312,101.39222717285156,53710.0
2022-11-07,102.98999786376952,105.0,100.51000213623048,102.1449966430664,102.06671142578124,106180.0
2022-11-09,102.1500015258789,103.9000015258789,99.51000213623048,100.65499877929688,100.57785034179688,169020.0
2022-11-10,101.16000366210938,101.3949966430664,98.0250015258789,98.875,98.7992172241211,145610.0
2022-11-11,100.36000061035156,104.77999877929688,98.7300033569336,99.62999725341795,99.55363464355467,474460.0
2022-11-14,99.9000015258789,102.28500366210938,99.9000015258789,101.37999725341795,101.3022918701172,114750.0
2022-11-15,105.5999984741211,108.86000061035156,101.5250015258789,103.83999633789062,103.76040649414062,619920.0
2022-11-16,102.9000015258789,105.30500030517578,101.1050033569336,101.625,101.54711151123048,1395850.0
2022-11-17,101.63500213623048,103.0,100.5,101.38500213623048,101.30729675292967,134020.0
2022-11-18,102.9000015258789,103.72000122070312,101.0,103.36499786376952,103.28578186035156,109220.0
2022-11-21,103.8000030517578,104.8000030517578,99.90499877929688,100.73500061035156,100.65779876708984,180980.0
2022-11-22,101.73999786376952,103.81999969482422,100.1050033569336,101.1449966430664,101.06747436523438,211180.0
2022-11-23,101.11000061035156,103.4000015258789,100.48999786376952,101.58499908447266,101.50714111328124,173070.0
2022-11-24,102.0,102.61000061035156,98.47000122070312,99.98500061035156,99.90837097167967,223490.0
2022-11-25,99.76000213623048,102.9000015258789,99.5999984741211,101.18499755859376,101.10745239257812,113080.0
2022-11-28,101.3000030517578,101.3000030517578,100.05500030517578,100.5999984741211,100.52289581298828,68340.0
2022-11-29,100.5999984741211,100.6500015258789,98.23500061035156,98.75499725341795,98.67930603027344,179390.0
2022-11-30,99.25,101.24500274658205,95.8499984741211,97.8249969482422,97.7500228881836,270520.0
2022-12-01,98.31500244140624,100.8000030517578,95.55500030517578,97.94000244140624,97.86493682861328,420080.0
2022-12-02,98.0,99.6999969482422,96.9749984741211,98.86499786376952,98.78923034667967,108660.0
2022-12-05,99.5,105.1999969482422,98.9250030517578,104.66500091552734,104.58478546142578,390570.0
2022-12-06,104.66500091552734,106.1999969482422,101.1999969482422,102.43000030517578,102.35149383544922,196220.0
2022-12-07,102.94000244140624,103.90499877929688,101.49500274658205,103.41500091552734,103.3357391357422,99740.0
2022-12-08,104.49500274658205,104.59500122070312,101.0999984741211,102.0250015258789,101.94680786132812,167490.0
2022-12-09,102.53500366210938,104.9000015258789,101.20999908447266,103.9000015258789,103.82037353515624,280620.0
2022-12-12,105.45999908447266,106.4000015258789,102.73999786376952,106.16999816894533,106.08863067626952,219550.0
2022-12-13,107.0,107.9000015258789,105.0,105.79000091552734,105.70892333984376,155700.0
2022-12-14,106.3000030517578,118.0,106.3000030517578,116.99500274658205,116.90533447265624,1524490.0
2022-12-15,115.1999969482422,117.80999755859376,112.05500030517578,112.4800033569336,112.39379119873048,445310.0
2022-12-16,110.79499816894533,114.09500122070312,110.5,110.91500091552734,110.82999420166016,259560.0
2022-12-19,111.47000122070312,111.47000122070312,108.01000213623048,110.1449966430664,110.06057739257812,290770.0
2022-12-20,112.29000091552734,114.5999984741211,106.6050033569336,113.9499969482422,113.86265563964844,417960.0
2022-12-21,114.9749984741211,116.0,108.70999908447266,110.20999908447266,110.12552642822266,424150.0
2022-12-22,110.00499725341795,111.0,106.20500183105467,108.55999755859376,108.47679901123048,302940.0
2022-12-23,109.8499984741211,110.24500274658205,104.0,104.91999816894533,104.83958435058594,602580.0
2022-12-26,103.04000091552734,113.0999984741211,101.90499877929688,106.51000213623048,106.4283676147461,1023180.0
2022-12-27,107.0,112.9000015258789,106.69499969482422,111.98500061035156,111.899169921875,417430.0
2022-12-28,112.83999633789062,114.8000030517578,110.04499816894533,113.4800033569336,113.39303588867188,262610.0
2022-12-29,113.0250015258789,113.4000015258789,110.3000030517578,111.13999938964844,111.05481719970705,159900.0
2022-12-30,112.5,115.13500213623048,110.36000061035156,112.58999633789062,112.5037078857422,135310.0
2023-01-02,112.5999984741211,114.25,110.59500122070312,111.55500030517578,111.4695053100586,137320.0
2023-01-03,110.8499984741211,112.5,110.50499725341795,111.80999755859376,111.72430419921876,53300.0
2023-01-04,111.54499816894533,114.49500274658205,108.1999969482422,108.6500015258789,108.56672668457033,319660.0
2023-01-05,108.6500015258789,110.98999786376952,108.1999969482422,110.68000030517578,110.5951690673828,162750.0
2023-01-06,111.78500366210938,115.5,109.9000015258789,114.98999786376952,114.90186309814452,598580.0
2023-01-09,116.87999725341795,117.0999984741211,113.05500030517578,115.3550033569336,115.26658630371094,194080.0
2023-01-10,115.99500274658205,118.8000030517578,114.0,116.83499908447266,116.74545288085938,530290.0
2023-01-11,117.5,118.0,115.20500183105467,116.7750015258789,116.6855010986328,164570.0
2023-01-12,117.8949966430664,117.8949966430664,114.5999984741211,115.66500091552734,115.57634735107422,121080.0
2023-01-13,115.6500015258789,116.0,114.5500030517578,115.11499786376952,115.02677154541016,59930.0
2023-01-16,115.4800033569336,116.4000015258789,111.5999984741211,115.0250015258789,114.93684387207033,180870.0
2023-01-17,115.0,115.8000030517578,113.11499786376952,113.95999908447266,113.8726577758789,62530.0
2023-01-18,114.1050033569336,115.8000030517578,113.16000366210938,114.93000030517578,114.8419189453125,134290.0
2023-01-19,114.9000015258789,115.8000030517578,112.5,114.93499755859376,114.84690856933594,230730.0
2023-01-20,115.5,117.41999816894533,114.01499938964844,114.54499816894533,114.45720672607422,81990.0
2023-01-23,114.4749984741211,115.12000274658205,113.11499786376952,114.15499877929688,114.06751251220705,58660.0
2023-01-24,113.99500274658205,122.98999786376952,112.9000015258789,121.04000091552734,120.94723510742188,908580.0
2023-01-25,121.04000091552734,121.66500091552734,116.20500183105467,120.3000030517578,120.20780181884766,314450.0
2023-01-27,121.0,121.5,105.0,106.5250015258789,106.443359375,668420.0
2023-01-30,108.0,110.0,103.3000030517578,105.80500030517578,105.72390747070312,490250.0
2023-01-31,106.38500213623048,109.0999984741211,106.0,108.63500213623048,108.5517349243164,235350.0
2023-02-01,110.26499938964844,113.1999969482422,104.33499908447266,105.25499725341795,105.17433166503906,907650.0
2023-02-02,105.25499725341795,109.43000030517578,100.25,102.2699966430664,102.19161224365234,810800.0
2023-02-03,102.2699966430664,110.9000015258789,102.01499938964844,110.01000213623048,109.92568969726562,874250.0
2023-02-06,118.0,118.0,109.30999755859376,112.8550033569336,112.7685089111328,1108260.0
2023-02-07,114.0,118.8000030517578,112.86000061035156,114.29000091552734,114.20240783691406,819800.0
2023-02-08,114.0,116.15499877929688,111.58499908447266,113.75,113.6628189086914,442480.0
2023-02-09,113.5,114.0999984741211,112.02999877929688,113.69499969482422,113.60785675048828,471620.0
2023-02-10,113.5,119.5,112.86499786376952,118.25499725341795,118.16436767578124,1839130.0
2023-02-13,118.3550033569336,123.5999984741211,116.5,121.50499725341795,121.41187286376952,1243210.0
2023-02-14,122.48999786376952,122.48999786376952,118.1999969482422,118.77999877929688,118.68895721435548,750120.0
2023-02-15,117.5,125.0,117.5,122.8249969482422,122.7308578491211,531220.0
2023-02-16,123.87999725341795,128.10000610351562,123.3000030517578,127.4749984741211,127.3772964477539,997740.0
2023-02-17,128.6999969482422,132.88999938964844,128.5,132.44000244140625,132.3385009765625,1500180.0
2023-02-20,134.0,137.3000030517578,129.0,129.72000122070312,129.62057495117188,1554920.0
2023-02-21,130.00999450683594,139.64999389648438,129.5,138.1699981689453,138.06410217285156,1351910.0
2023-02-22,137.98500061035156,137.98500061035156,131.6999969482422,133.61500549316406,133.51260375976562,518960.0
2023-02-23,134.39999389648438,138.8000030517578,131.625,137.59500122070312,137.4895477294922,539870.0
2023-02-24,137.39999389648438,139.125,130.11000061035156,133.69500732421875,133.59254455566406,627240.0
2023-02-27,133.5,136.8000030517578,130.61000061035156,135.48500061035156,135.38116455078125,738830.0
2023-02-28,136.22500610351562,141.09500122070312,134.89999389648438,139.31500244140625,139.20822143554688,1311870.0
2023-03-01,139.99000549316406,142.3000030517578,138.15499877929688,140.96499633789062,140.85696411132812,606830.0
2023-03-02,142.2050018310547,142.2050018310547,138.64999389648438,140.82000732421875,140.7120819091797,480180.0
2023-03-03,141.48500061035156,143.0,138.0850067138672,139.85499572753906,139.74781799316406,637150.0
2023-03-06,139.86500549316406,142.5,137.85000610351562,140.97999572753906,140.8719482421875,339220.0
2023-03-08,141.0,142.5399932861328,139.5,141.27999877929688,141.17172241210938,256970.0
2023-03-09,141.27999877929688,144.38999938964844,140.5,141.49000549316406,141.38156127929688,449450.0
2023-03-10,140.8000030517578,143.39999389648438,139.73500061035156,142.3350067138672,142.22592163085938,199210.0
2023-03-13,141.0050048828125,143.3800048828125,137.0,140.75,140.64212036132812,538110.0
2023-03-14,139.03500366210938,141.125,137.1999969482422,138.43499755859375,138.3289031982422,330160.0
2023-03-15,139.88999938964844,140.44500732421875,137.48500061035156,138.02000427246094,137.9142303466797,210400.0
2023-03-16,138.02000427246094,139.42999267578125,133.57000732421875,137.0749969482422,136.96994018554688,257630.0
2023-03-17,139.0,140.0449981689453,136.35499572753906,139.52000427246094,139.41307067871094,161880.0
2023-03-20,138.63999938964844,138.63999938964844,131.53500366210938,133.01499938964844,132.91305541992188,445330.0
2023-03-21,134.7449951171875,134.7449951171875,131.0,131.89999389648438,131.79888916015625,217450.0
2023-03-22,132.4199981689453,134.38999938964844,130.6999969482422,131.3249969482422,131.22434997558594,303380.0
2023-03-23,131.9600067138672,134.5,129.4499969482422,133.69500732421875,133.59254455566406,258670.0
2023-03-24,134.9250030517578,134.9250030517578,129.1999969482422,130.03500366210938,129.93533325195312,344330.0
2023-03-27,131.0,134.27999877929688,128.6999969482422,132.5050048828125,132.40345764160156,233380.0
2023-03-28,133.8249969482422,136.47500610351562,132.50999450683594,133.10499572753906,133.00299072265625,249750.0
2023-03-29,132.94000244140625,137.10000610351562,132.89500427246094,135.0,134.8965301513672,353470.0
2023-03-31,136.89999389648438,136.89999389648438,131.89500427246094,133.23500061035156,133.1328887939453,261300.0
2023-04-03,133.23500061035156,136.2949981689453,132.58999633789062,135.80999755859375,135.70590209960938,171010.0
2023-04-05,136.0,139.5,133.61000061035156,137.4499969482422,137.3446502685547,287360.0
2023-04-06,136.2100067138672,142.6999969482422,135.86500549316406,142.09500122070312,141.98609924316406,245500.0
2023-04-10,142.0,145.39999389648438,140.33999633789062,143.38499450683594,143.2751007080078,419360.0
2023-04-11,143.89999389648438,144.89500427246094,140.69500732421875,141.86500549316406,141.75628662109375,158630.0
2023-04-12,141.86500549316406,145.49000549316406,141.86500549316406,145.07000732421875,144.9588165283203,725690.0
2023-04-13,145.99000549316406,146.39999389648438,142.08999633789062,143.73500061035156,143.62484741210938,428910.0
2023-04-17,143.5,146.6999969482422,142.1999969482422,144.5050048828125,144.3942413330078,498980.0
2023-04-18,144.9949951171875,146.60000610351562,142.6699981689453,144.3000030517578,144.1894073486328,271840.0
2023-04-19,143.5,145.89999389648438,142.1999969482422,143.22999572753906,143.12020874023438,445650.0
2023-04-20,144.5,144.9949951171875,138.23500061035156,139.97500610351562,139.8677215576172,285210.0
2023-04-21,139.68499755859375,142.60000610351562,137.3300018310547,140.5050048828125,140.39732360839844,314540.0
2023-04-24,141.0,143.0050048828125,139.39999389648438,141.61000061035156,141.50146484375,250560.0
2023-04-25,142.0,143.89999389648438,136.89999389648438,138.02999877929688,137.92420959472656,646020.0
2023-04-26,137.9949951171875,139.6999969482422,136.10499572753906,136.5449981689453,136.44033813476562,342890.0
2023-04-27,137.5,140.6999969482422,137.5,138.8350067138672,138.7285919189453,182790.0
2023-04-28,139.89999389648438,139.89999389648438,137.1999969482422,138.5050048828125,138.3988494873047,146880.0
2023-05-02,139.0,142.6999969482422,137.1999969482422,139.77999877929688,139.67286682128906,480660.0
2023-05-03,140.89999389648438,143.7899932861328,139.99000549316406,142.8000030517578,142.69056701660156,272430.0
2023-05-04,143.8000030517578,143.8000030517578,141.72000122070312,142.42999267578125,142.32083129882812,176280.0
2023-05-05,143.22000122070312,147.38999938964844,143.22000122070312,146.94500732421875,146.83238220214844,818740.0
2023-05-08,148.89999389648438,148.89999389648438,146.25,147.23500061035156,147.12216186523438,317960.0
2023-05-09,146.5,148.49000549316406,144.5050048828125,147.92999267578125,147.81661987304688,330320.0
2023-05-10,148.0,148.5,146.82000732421875,147.7899932861328,147.67672729492188,171700.0
2023-05-11,148.99000549316406,148.99000549316406,146.5,146.9199981689453,146.80740356445312,571930.0
2023-05-12,147.9949951171875,148.60000610351562,146.5,147.74000549316406,147.62677001953125,120270.0
2023-05-15,148.8000030517578,148.8000030517578,143.5050048828125,146.3350067138672,146.2228546142578,215190.0
2023-05-16,148.0,148.0,143.5,144.2100067138672,144.0994873046875,144160.0
2023-05-17,145.64999389648438,147.0850067138672,142.28500366210938,145.3249969482422,145.213623046875,466810.0
2023-05-18,144.39999389648438,147.10499572753906,144.10000610351562,144.72000122070312,144.6090850830078,216820.0
2023-05-19,146.1649932861328,147.39999389648438,142.8000030517578,145.11500549316406,145.0037841796875,337310.0
2023-05-22,146.3000030517578,146.88999938964844,142.8300018310547,145.0500030517578,144.9388427734375,482510.0
2023-05-23,147.22000122070312,149.0,144.89999389648438,146.625,146.5126190185547,444390.0
2023-05-24,146.19000244140625,150.5,146.0050048828125,149.14500427246094,149.0306854248047,547180.0
2023-05-25,150.89999389648438,151.97500610351562,149.2100067138672,149.88499450683594,149.77011108398438,273290.0
2023-05-26,151.0,157.1999969482422,144.60000610351562,156.02999877929688,155.91041564941406,3291180.0
2023-05-29,159.27499389648438,162.6999969482422,155.52000427246094,159.6999969482422,159.57760620117188,2040270.0
2023-05-30,160.5,170.0,160.00999450683594,166.65499877929688,166.5272674560547,3044590.0
2023-05-31,167.0,170.60000610351562,163.89999389648438,164.67999267578125,164.55377197265625,919240.0
2023-06-01,166.4250030517578,167.6999969482422,162.9199981689453,166.10000610351562,165.9727020263672,809490.0
2023-06-02,163.10000610351562,169.1999969482422,163.10000610351562,164.8350067138672,164.7086639404297,1045830.0
2023-06-05,166.22500610351562,167.8000030517578,163.0,164.3249969482422,164.1990509033203,246120.0
2023-06-06,165.0,167.0,162.69000244140625,163.7899932861328,163.66445922851562,178890.0
2023-06-07,165.0,167.0,161.6999969482422,163.1750030517578,163.04994201660156,408430.0
2023-06-08,164.77000427246094,165.5,161.85499572753906,163.99000549316406,163.86431884765625,371570.0
2023-06-09,163.99000549316406,166.64999389648438,163.13499450683594,164.7949981689453,164.668701171875,376620.0
2023-06-12,166.0,169.5,165.36000061035156,166.02999877929688,165.9027557373047,330790.0
2023-06-13,166.8000030517578,168.5,166.2050018310547,167.7949981689453,167.66639709472656,411060.0
2023-06-14,168.8000030517578,169.3249969482422,164.10499572753906,164.64999389648438,164.5238037109375,316020.0
2023-06-15,166.22500610351562,166.89999389648438,163.10499572753906,164.11000061035156,163.98422241210938,407930.0
2023-06-16,165.60000610351562,165.6999969482422,163.3300018310547,164.34500122070312,164.21905517578125,314420.0
2023-06-19,165.22500610351562,165.22500610351562,162.25999450683594,163.6300048828125,163.5045928955078,214310.0
2023-06-20,164.00999450683594,164.5,159.00999450683594,160.55999755859375,160.4369354248047,282630.0
2023-06-21,162.125,163.5,158.4550018310547,159.33999633789062,159.21786499023438,468880.0
2023-06-22,159.89500427246094,162.5,158.2050018310547,159.3300018310547,159.2078857421875,226790.0
2023-06-23,158.5,160.14500427246094,155.10000610351562,156.7949981689453,156.67483520507812,338870.0
2023-06-26,158.125,160.85000610351562,155.00999450683594,156.10499572753906,155.9853515625,164480.0
2023-06-27,157.4250030517578,161.39500427246094,155.40499877929688,160.8249969482422,160.7017364501953,359370.0
2023-06-28,162.39999389648438,165.47500610351562,159.0,159.86000061035156,159.7374725341797,317400.0
2023-06-30,160.89999389648438,162.02000427246094,155.88999938964844,157.875,157.75399780273438,290260.0
2023-07-03,157.94000244140625,159.61500549316406,154.23500061035156,155.61000061035156,155.49073791503906,397790.0
2023-07-04,154.63499450683594,157.9949951171875,152.39999389648438,153.77000427246094,153.6521453857422,281510.0
2023-07-05,155.65499877929688,157.8000030517578,153.1999969482422,154.56500244140625,154.446533203125,326300.0
2023-07-06,156.4600067138672,160.2949981689453,154.57000732421875,156.6750030517578,156.55491638183594,357710.0
2023-07-07,157.9250030517578,159.89999389648438,155.88999938964844,157.49000549316406,157.36929321289062,287090.0
2023-07-10,158.0,159.11500549316406,153.00999450683594,154.13499450683594,154.01686096191406,264140.0
2023-07-11,155.5,157.39999389648438,153.89999389648438,154.73500061035156,154.6164093017578,255450.0
2023-07-12,155.5,157.61000061035156,155.5,156.85499572753906,156.7347869873047,110750.0
2023-07-13,158.39999389648438,164.0,156.73500061035156,158.02000427246094,157.89889526367188,531510.0
2023-07-14,159.0,163.5,157.0,157.52000427246094,157.39927673339844,585010.0
2023-07-17,159.0,162.13499450683594,156.6649932861328,157.4199981689453,157.29933166503906,474200.0
2023-07-18,158.69000244140625,158.69000244140625,153.30499267578125,155.0800018310547,154.9611358642578,319900.0
2023-07-19,155.875,158.0,152.39999389648438,153.5449981689453,153.42730712890625,313560.0
2023-07-20,154.8800048828125,155.0,150.2100067138672,151.46499633789062,151.34890747070312,310250.0
2023-07-21,152.36500549316406,152.36500549316406,146.64999389648438,147.63999938964844,147.52684020996094,314030.0
2023-07-24,148.8000030517578,149.97000122070312,145.11500549316406,148.01499938964844,147.90155029296875,232000.0
2023-07-25,148.39999389648438,149.60000610351562,145.39999389648438,146.2550048828125,146.14291381835938,324130.0
2023-07-26,148.0,148.0,145.19500732421875,145.88999938964844,145.77818298339844,119820.0
2023-07-27,147.47500610351562,148.0,145.64500427246094,146.9199981689453,146.80740356445312,208090.0
2023-07-28,147.60000610351562,153.2949981689453,145.8249969482422,151.6649932861328,151.5487518310547,372650.0
2023-07-31,152.97500610351562,153.7050018310547,148.67999267578125,150.30499267578125,150.18978881835938,237870.0
2023-08-01,150.0,154.88999938964844,150.0,152.28500366210938,152.1682891845703,232420.0
2023-08-02,150.3000030517578,153.8000030517578,148.60499572753906,151.27999877929688,151.1640625,153240.0
2023-08-03,152.8000030517578,155.5,149.00999450683594,152.55499267578125,152.4380645751953,465580.0
2023-08-04,154.0,158.0,152.01499938964844,156.2899932861328,156.1702117919922,576170.0
2023-08-07,160.5,171.60499572753906,158.65499877929688,161.13499450683594,161.01148986816406,2321620.0
2023-08-08,163.5,165.8000030517578,160.30999755859375,165.27499389648438,165.14833068847656,804690.0
2023-08-09,166.0,169.66000366210938,165.96499633789062,167.09500122070312,166.96693420410156,784270.0
2023-08-10,166.0,169.0500030517578,165.5050048828125,167.125,166.9969024658203,240440.0
2023-08-11,165.8000030517578,167.39500427246094,161.11000061035156,162.4600067138672,162.3354949951172,306730.0
2023-08-14,164.39999389648438,164.39999389648438,158.25999450683594,160.75,160.6267852783203,548020.0
2023-08-16,162.8000030517578,163.0,159.7949981689453,160.50999450683594,160.386962890625,164980.0
2023-08-17,160.50999450683594,162.5,159.90499877929688,161.8300018310547,161.70596313476562,138180.0
2023-08-18,161.0,165.39999389648438,161.0,162.86000061035156,162.73516845703125,272840.0
2023-08-21,164.38999938964844,164.38999938964844,158.23500061035156,161.28500366210938,161.16139221191406,510250.0
2023-08-22,163.36000061035156,163.36000061035156,161.0050048828125,162.58999633789062,162.4653778076172,276180.0
2023-08-23,161.1999969482422,165.5,161.1999969482422,163.57000732421875,163.44464111328125,275580.0
2023-08-24,164.56500244140625,167.17999267578125,162.50999450683594,164.7550048828125,164.6287384033203,389370.0
2023-08-25,164.47999572753906,173.30499267578125,163.5,171.77999877929688,171.64834594726562,1037610.0
2023-08-28,174.6999969482422,187.8999938964844,170.61500549316406,179.00999450683594,178.87278747558594,3499180.0
2023-08-29,184.9949951171875,203.6300048828125,181.5050048828125,195.47000122070312,195.3201904296875,6532930.0
2023-08-30,198.3249969482422,214.3950042724609,186.6000061035156,189.8099975585937,189.66452026367188,4370360.0
2023-08-31,193.8099975585937,196.0,180.0,183.259994506836,183.1195373535156,976910.0
2023-09-01,184.9850006103516,201.3000030517578,184.8000030517578,199.69500732421875,199.54196166992188,1838060.0
2023-09-04,199.8999938964844,203.7550048828125,186.8000030517578,190.1100006103516,189.9642944335937,1823000.0
2023-09-05,192.8999938964844,192.96499633789065,179.5,182.0,181.8605194091797,3153740.0
2023-09-06,184.55499267578125,184.9949951171875,177.36500549316406,179.2899932861328,179.15257263183594,1104580.0
2023-09-07,180.884994506836,184.47000122070312,179.0,180.00999450683594,179.8720245361328,1231350.0
2023-09-08,180.00999450683594,182.0,177.5,180.5850067138672,180.4466094970703,447260.0
2023-09-11,181.0,186.1999969482422,180.375,182.1199951171875,181.9804077148437,1431600.0
2023-09-12,183.0,183.3350067138672,173.10499572753906,178.75999450683594,178.62298583984375,631760.0
2023-09-13,178.0,180.9149932861328,175.30499267578125,176.9550018310547,176.81936645507812,513320.0
2023-09-14,178.2899932861328,181.9199981689453,176.5,178.7899932861328,178.6529541015625,207370.0
2023-09-15,179.0,183.0,179.0,182.2250061035156,182.08534240722656,458550.0
2023-09-18,184.0,184.0,180.1499938964844,181.4349975585937,181.2959442138672,139520.0
2023-09-20,181.3699951171875,183.1999969482422,179.99000549316406,181.1499938964844,181.0111541748047,194440.0
2023-09-21,179.89500427246094,184.8000030517578,176.10499572753906,177.7550048828125,177.61875915527344,527650.0
2023-09-22,177.97000122070312,178.78500366210938,172.9550018310547,177.4550018310547,177.31900024414062,542800.0
2023-09-25,176.75999450683594,180.6999969482422,172.55499267578125,177.17999267578125,177.04420471191406,656600.0
2023-09-26,177.17999267578125,179.4550018310547,176.27000427246094,177.07000732421875,176.93429565429688,392450.0
2023-09-27,177.0,180.3000030517578,176.4550018310547,178.33999633789062,178.20330810546875,511140.0
2023-09-28,179.0749969482422,182.6000061035156,176.8000030517578,177.83999633789062,177.7036895751953,549510.0
2023-09-29,179.0,179.97999572753906,176.6300048828125,177.61000061035156,177.473876953125,217770.0
2023-10-03,178.7899932861328,181.6000061035156,177.47999572753906,177.74000549316406,177.60379028320312,305660.0
2023-10-04,178.25,179.63499450683594,171.0,172.3350067138672,172.2029266357422,1054930.0
2023-10-05,173.47999572753906,178.58999633789062,173.10000610351562,177.4250030517578,177.2890167236328,303460.0
2023-10-06,179.3000030517578,184.6999969482422,177.0050048828125,181.0050048828125,180.86627197265625,690890.0
2023-10-09,179.1999969482422,190.375,179.1999969482422,187.5749969482422,187.4312438964844,1676570.0
2023-10-10,188.8699951171875,192.1000061035156,187.5,189.1699981689453,189.02500915527344,1054930.0
2023-10-11,190.0,196.9499969482422,190.0,193.6000061035156,193.45162963867188,802500.0
2023-10-12,195.7700042724609,198.8699951171875,194.1699981689453,197.634994506836,197.4835205078125,640340.0
2023-10-13,195.38999938964844,198.97000122070312,194.6000061035156,196.65499877929688,196.50428771972656,359800.0
2023-10-16,196.5050048828125,197.59500122070312,192.0200042724609,194.19000244140625,194.04116821289065,342640.0
2023-10-17,194.5,198.4600067138672,190.9949951171875,195.3950042724609,195.2452545166016,1023270.0
2023-10-18,196.8999938964844,204.97000122070312,196.509994506836,198.8999938964844,198.74755859375,1893450.0
2023-10-19,199.0,202.8000030517578,198.5599975585937,200.0399932861328,199.8866729736328,635450.0
2023-10-20,200.9949951171875,211.5,200.9949951171875,210.51499938964844,210.3536529541016,2176580.0
2023-10-23,210.51499938964844,218.4900054931641,202.5050048828125,204.4149932861328,204.25833129882807,1981270.0
2023-10-25,205.0749969482422,208.7100067138672,189.6499938964844,190.6600036621093,190.51388549804688,908440.0
2023-10-26,190.69500732421875,191.3000030517578,177.3699951171875,185.9949951171875,185.85243225097656,1135930.0
2023-10-27,190.17999267578125,201.7899932861328,189.0050048828125,199.5800018310547,199.42703247070312,871260.0
2023-10-30,201.69500732421875,201.8249969482422,195.0,198.85499572753903,198.7025909423828,552050.0
2023-10-31,198.80499267578125,203.9199981689453,196.0,197.0249938964844,196.87399291992188,491890.0
2023-11-01,196.9499969482422,200.1000061035156,192.6000061035156,196.26499938964844,196.1145782470703,573540.0
2023-11-02,197.1000061035156,198.92999267578125,193.6100006103516,195.71499633789065,195.56500244140625,322530.0
2023-11-03,197.4949951171875,201.7449951171875,197.4949951171875,199.0599975585937,198.9074249267578,555670.0
2023-11-06,202.0,202.02999877929688,199.1199951171875,199.7850036621093,199.6318817138672,300480.0
2023-11-07,202.8000030517578,206.0,197.5,198.9149932861328,198.7625274658203,838100.0
2023-11-08,200.90499877929688,204.5,199.02999877929688,201.60499572753903,201.4504852294922,513370.0
2023-11-09,201.8999938964844,208.9900054931641,201.80499267578125,204.7700042724609,204.6130523681641,537450.0
2023-11-10,205.0,206.9100036621093,201.8000030517578,202.6649932861328,202.50965881347656,289560.0
2023-11-13,203.6000061035156,213.8600006103516,202.2050018310547,211.1600036621093,210.9981689453125,578020.0
2023-11-15,213.0,225.0,213.0,222.6100006103516,222.4393768310547,1359730.0
2023-11-16,222.7050018310547,227.8999938964844,220.9349975585937,226.1450042724609,225.9716796875,1672460.0
2023-11-17,225.8000030517578,228.0,223.5,225.7350006103516,225.5619964599609,536600.0
2023-11-20,224.0,240.3999938964844,223.6999969482422,233.6499938964844,233.47091674804688,1491980.0
2023-11-21,233.08999633789065,241.1999969482422,231.0249938964844,239.2949981689453,239.1115875244141,847480.0
2023-11-22,240.8699951171875,246.21499633789065,233.69000244140625,238.7449951171875,238.56201171875,903370.0
2023-11-23,238.8000030517578,243.0,232.0350036621093,240.5200042724609,240.33566284179688,1052120.0
2023-11-24,240.5200042724609,240.5200042724609,232.4349975585937,238.15499877929688,237.9724578857422,662260.0
2023-11-28,238.2899932861328,239.8999938964844,233.5200042724609,238.97999572753903,238.7968292236328,487420.0
2023-11-29,239.1000061035156,240.3000030517578,231.6000061035156,232.5050048828125,232.3267974853516,746180.0
2023-11-30,234.3999938964844,242.4900054931641,230.22000122070312,238.44500732421875,238.2622528076172,2981480.0
2023-12-01,232.1999969482422,238.5,230.6000061035156,234.9550018310547,234.77493286132807,556400.0
2023-12-04,236.1999969482422,238.4900054931641,229.0,230.6649932861328,230.4882049560547,404800.0
2023-12-05,232.9499969482422,234.0,230.77999877929688,232.7400054931641,232.56163024902344,163590.0
2023-12-06,232.7400054931641,234.15499877929688,229.0,229.375,229.1992034912109,192810.0
2023-12-07,227.0200042724609,232.32000732421875,224.0,224.26499938964844,224.0931091308593,498890.0
2023-12-08,224.5,228.1300048828125,224.5,227.1649932861328,226.9908905029297,449070.0
2023-12-11,227.8999938964844,229.8999938964844,225.9250030517578,228.884994506836,228.7095642089844,111880.0
2023-12-12,228.8999938964844,237.8000030517578,228.5350036621093,233.06500244140625,232.8863677978516,278060.0
2023-12-13,234.3999938964844,235.4199981689453,229.7250061035156,232.2749938964844,232.0969696044922,176730.0
2023-12-14,233.4750061035156,247.1649932861328,233.0050048828125,244.7700042724609,244.5823974609375,680960.0
2023-12-15,245.3999938964844,252.1450042724609,240.90499877929688,243.1450042724609,242.95864868164065,550320.0
2023-12-18,241.1000061035156,242.5,233.25,238.30499267578125,238.12234497070312,502510.0
2023-12-19,238.30499267578125,244.3999938964844,235.1699981689453,241.8950042724609,241.7096099853516,474000.0
2023-12-20,240.0050048828125,243.4900054931641,232.5350036621093,236.67999267578125,236.49859619140625,536580.0
2023-12-21,229.58999633789065,256.9599914550781,229.58999633789065,249.8999938964844,249.70846557617188,423740.0
2023-12-22,250.1000061035156,250.1000061035156,243.1600036621093,245.34500122070312,245.156967163086,282410.0
2023-12-26,244.9900054931641,246.8950042724609,242.1000061035156,245.125,244.9371337890625,285290.0
2023-12-27,245.08999633789065,248.4250030517578,238.21499633789065,241.1649932861328,240.9801483154297,331710.0
2023-12-28,242.7850036621093,243.59500122070312,239.0,240.08999633789065,239.90597534179688,195180.0
2023-12-29,238.1000061035156,239.72000122070312,234.60499572753903,237.3600006103516,237.1780700683593,343260.0
2024-01-01,237.3600006103516,240.33999633789065,236.2449951171875,238.4600067138672,238.27723693847656,109840.0
2024-01-02,239.8000030517578,239.8000030517578,225.6600036621093,229.09500122070312,228.9194183349609,612350.0
2024-01-03,228.5,230.10499572753903,224.5,227.63999938964844,227.4655303955078,355730.0
2024-01-04,229.8000030517578,229.8000030517578,221.3999938964844,226.5800018310547,226.40635681152344,157930.0
2024-01-05,227.8000030517578,230.0,221.30499267578125,222.7899932861328,222.61924743652344,349630.0
2024-01-08,223.88999938964844,223.9900054931641,211.40499877929688,215.56500244140625,215.39979553222656,1065860.0
2024-01-09,216.6000061035156,218.4250030517578,214.1499938964844,215.34500122070312,215.17996215820312,175390.0
2024-01-10,215.1499938964844,219.1199951171875,213.19000244140625,217.25,217.08349609375,181190.0
2024-01-11,220.509994506836,221.0,215.8000030517578,217.3300018310547,217.16343688964844,216860.0
2024-01-12,217.30499267578125,219.3999938964844,214.85499572753903,216.125,215.9593505859375,193400.0
2024-01-15,219.0,219.0,206.0,208.1000061035156,207.9405059814453,879900.0
2024-01-16,207.5,213.0,206.0,207.02999877929688,206.871322631836,822340.0
2024-01-17,205.9850006103516,214.0,202.6999969482422,211.72000122070312,211.5577392578125,500040.0
2024-01-18,212.6000061035156,212.6000061035156,205.5500030517578,209.94500732421875,209.7841033935547,350880.0
2024-01-19,212.8999938964844,214.5,208.10499572753903,209.7449951171875,209.5842437744141,259900.0
2024-01-23,207.05499267578125,211.4750061035156,204.2700042724609,206.52999877929688,206.3717041015625,276670.0
2024-01-24,206.9349975585937,212.7749938964844,205.40499877929688,208.4949951171875,208.335205078125,283130.0
2024-01-25,208.4900054931641,209.76499938964844,205.10499572753903,206.1699981689453,206.0119781494141,129740.0
2024-01-29,183.2350006103516,205.2250061035156,183.2350006103516,199.5350036621093,199.382064819336,2048900.0
2024-01-30,199.4750061035156,200.7899932861328,194.0050048828125,197.5200042724609,197.36862182617188,731660.0
2024-01-31,197.8600006103516,201.0350036621093,191.5249938964844,193.0749969482422,192.9270172119141,1400590.0
2024-02-01,193.2899932861328,198.19500732421875,190.7050018310547,192.8300018310547,192.6822052001953,361260.0
2024-02-02,193.1300048828125,202.6499938964844,192.3950042724609,198.7749938964844,198.6226348876953,421610.0
2024-02-05,201.4550018310547,201.88999938964844,192.4499969482422,193.17999267578125,193.0319366455078,587330.0
2024-02-06,193.6999969482422,197.8999938964844,193.6999969482422,196.4199981689453,196.2694549560547,361240.0
2024-02-07,197.7949981689453,209.1000061035156,195.1000061035156,206.0399932861328,205.882080078125,1186970.0
2024-02-08,208.9199981689453,208.9199981689453,198.0,199.47000122070312,199.317123413086,677590.0
2024-02-09,198.1000061035156,203.69000244140625,195.0,200.1199951171875,199.9666290283203,664310.0
2024-02-12,202.4949951171875,203.2899932861328,179.97000122070312,184.06500244140625,183.92393493652344,643090.0
2024-02-13,186.8249969482422,202.5,181.0,186.6750030517578,186.5319366455078,1754590.0
2024-02-14,186.1999969482422,187.19500732421875,174.0749969482422,177.13999938964844,177.0042266845703,1138190.0
2024-02-15,177.13999938964844,192.3999938964844,177.13999938964844,184.1849975585937,184.04383850097656,1961770.0
2024-02-16,187.5,188.9949951171875,183.92999267578125,187.125,186.9815826416016,1384010.0
2024-02-19,189.6300048828125,192.0,185.5050048828125,188.13999938964844,187.99578857421875,1210220.0
2024-02-20,188.0,191.5,186.009994506836,191.05499267578125,190.90855407714844,353960.0
2024-02-21,192.4600067138672,192.4600067138672,186.25,187.8600006103516,187.7160186767578,502100.0
2024-02-22,188.3999938964844,189.5,186.5,188.3950042724609,188.2506103515625,349950.0
2024-02-23,189.82000732421875,190.1100006103516,183.8000030517578,184.5350036621093,184.39356994628903,270680.0
2024-02-26,187.1000061035156,187.1000061035156,181.6199951171875,183.1750030517578,183.0346221923828,445450.0
2024-02-27,183.1750030517578,189.8000030517578,182.1999969482422,183.7899932861328,183.6491241455078,435760.0
2024-02-28,184.0050048828125,186.3800048828125,180.22000122070312,181.0850067138672,180.9462127685547,168130.0
2024-02-29,181.0,183.5,178.5800018310547,181.634994506836,181.4957733154297,313160.0
2024-03-01,184.08999633789065,184.9949951171875,182.2850036621093,183.3099975585937,183.1695098876953,196460.0
2024-03-04,184.9750061035156,185.97999572753903,175.64999389648438,177.38499450683594,177.24903869628906,584880.0
2024-03-05,178.88499450683594,180.4900054931641,176.30499267578125,177.27499389648438,177.1391143798828,746330.0
2024-03-06,175.1999969482422,177.14500427246094,165.6699981689453,168.02499389648438,167.89620971679688,1225880.0
2024-03-07,168.0050048828125,168.30499267578125,164.0,164.4600067138672,164.33395385742188,676510.0
2024-03-11,164.4550018310547,164.4600067138672,155.2550048828125,160.01499938964844,159.89236450195312,1180810.0
2024-03-12,161.88499450683594,161.88499450683594,155.27999877929688,156.55499267578125,156.43499755859375,568510.0
2024-03-13,157.8000030517578,157.8000030517578,148.02000427246094,148.97500610351562,148.86082458496094,787930.0
2024-03-14,149.07000732421875,155.3300018310547,146.7050018310547,150.58999633789062,150.47457885742188,1568180.0
2024-03-15,152.625,167.60000610351562,152.5,166.2550048828125,166.12757873535156,3370160.0
2024-03-18,166.5,174.49000549316406,166.5,169.34500122070312,169.2152099609375,1419290.0
2024-03-19,169.3000030517578,176.13999938964844,167.32000732421875,173.4499969482422,173.3170623779297,1134190.0
2024-03-20,173.52499389648438,174.5,168.0,169.61500549316406,169.48500061035156,1279290.0
2024-03-21,170.0399932861328,171.89500427246094,164.91000366210938,166.2550048828125,166.12757873535156,832880.0
2024-03-22,166.08999633789062,167.8000030517578,162.3000030517578,164.69500732421875,164.5687713623047,674100.0
2024-03-26,164.69500732421875,166.3300018310547,157.14999389648438,158.39999389648438,158.27859497070312,818480.0
2024-03-27,159.89999389648438,161.39999389648438,154.4250030517578,158.92999267578125,158.8081817626953,2602690.0
2024-03-28,160.8699951171875,171.375,158.98500061035156,166.1999969482422,166.07261657714844,2031910.0
2024-04-01,172.0,180.5,171.0,179.25,179.11260986328125,1423180.0
2024-04-02,179.25,180.9949951171875,176.0,180.02000427246094,179.8820343017578,520510.0
2024-04-03,179.44000244140625,185.09500122070312,178.10000610351562,182.80499267578125,182.6648864746093,725400.0
2024-04-04,183.5050048828125,186.6000061035156,179.69500732421875,185.4550018310547,185.3128662109375,523620.0
2024-04-05,185.1000061035156,186.5,179.0,180.5399932861328,180.4016265869141,804620.0
2024-04-08,181.7700042724609,183.8999938964844,179.2050018310547,179.7949981689453,179.65719604492188,396200.0
2024-04-09,180.8699951171875,184.8999938964844,180.0,181.3999938964844,181.26095581054688,507920.0
2024-04-10,182.97000122070312,182.97000122070312,179.42999267578125,180.2050018310547,180.06689453125,321340.0
2024-04-12,180.2949981689453,186.3000030517578,180.2949981689453,183.8000030517578,183.6591339111328,858610.0
2024-04-15,180.0,183.8000030517578,176.5,183.0050048828125,182.86474609375,589980.0
2024-04-16,182.8000030517578,188.8650054931641,177.61500549316406,182.0200042724609,181.8804931640625,1254690.0
2024-04-18,183.0050048828125,191.5200042724609,182.1000061035156,189.0599975585937,188.91510009765625,1199280.0
2024-04-19,186.59500122070312,192.5,183.90499877929688,191.0399932861328,190.89358520507807,1131090.0
2024-04-22,195.6000061035156,195.6000061035156,190.5,193.3699951171875,193.22178649902344,516970.0
2024-04-23,193.0,203.9349975585937,192.259994506836,202.75,202.59461975097656,1450090.0
2024-04-24,206.0,212.4949951171875,199.0050048828125,200.4600067138672,200.30636596679688,1400040.0
2024-04-25,200.4600067138672,203.5449981689453,197.9949951171875,200.08999633789065,199.93663024902344,918220.0
2024-04-26,204.8800048828125,205.44500732421875,194.5,195.8350067138672,195.6849060058593,1423350.0
2024-04-29,197.97999572753903,203.8999938964844,197.97999572753903,200.72000122070312,200.566162109375,773210.0
2024-04-30,202.7100067138672,214.8999938964844,202.15499877929688,210.875,210.71337890625,2496700.0
2024-05-02,211.25,226.25,211.25,222.8699951171875,222.69918823242188,1773920.0
2024-05-03,225.0200042724609,226.0749969482422,211.57000732421875,215.3650054931641,215.199935913086,1368480.0
2024-05-06,225.3999938964844,225.3999938964844,211.0399932861328,212.7700042724609,212.60693359375,1441140.0
2024-05-07,212.9750061035156,213.1300048828125,202.5,203.5749969482422,203.41897583007807,1016350.0
2024-05-08,203.80499267578125,207.01499938964844,200.1999969482422,204.09500122070312,203.93858337402344,647620.0
2024-05-09,204.09500122070312,206.5,195.5,196.6699981689453,196.51925659179688,712660.0
2024-05-10,199.0800018310547,208.0399932861328,195.7350006103516,206.35499572753903,206.19683837890625,652670.0
2024-05-13,204.1000061035156,212.1000061035156,200.5,210.2250061035156,210.0638885498047,584030.0
2024-05-14,213.3800048828125,215.01499938964844,207.3000030517578,210.9850006103516,210.82330322265625,340150.0
2024-05-15,210.6199951171875,214.8999938964844,209.1999969482422,211.375,211.21299743652344,845450.0
2024-05-16,213.0,215.1000061035156,211.7850036621093,212.6199951171875,212.45704650878903,455660.0
2024-05-17,213.0,217.3999938964844,211.3999938964844,212.06500244140625,211.9024810791016,699700.0
2024-05-21,221.0,239.5,221.0,234.7400054931641,234.56008911132807,2827860.0
2024-05-22,237.22000122070312,244.8999938964844,234.33999633789065,238.009994506836,237.8275756835937,1773260.0
2024-05-23,250.0,264.0,245.0050048828125,250.22999572753903,250.0382232666016,14228220.0
2024-05-24,250.0,262.20001220703125,249.0,260.1499938964844,259.9505920410156,4750490.0
2024-05-27,262.0,267.79998779296875,253.7899932861328,257.79998779296875,257.6023864746094,2151040.0
2024-05-28,259.6000061035156,260.5899963378906,250.0,256.5050048828125,256.30841064453125,1204200.0
2024-05-29,257.5450134277344,261.0,253.40499877929688,258.239990234375,258.0420837402344,1041260.0
2024-05-30,257.8999938964844,259.6400146484375,252.0050048828125,253.6300048828125,253.43560791015625,592480.0
2024-05-31,255.6000061035156,260.5,252.01499938964844,259.0150146484375,258.8164978027344,1670030.0
2024-06-03,275.0,275.79998779296875,265.864990234375,273.4200134277344,273.21044921875,2757940.0
2024-06-04,274.8999938964844,274.8999938964844,231.5,246.65499877929688,246.4659576416016,3109020.0
2024-06-05,242.15499877929688,259.989990234375,231.1100006103516,258.17999267578125,257.98211669921875,2513520.0
2024-06-06,259.45001220703125,264.2900085449219,253.009994506836,254.71499633789065,254.519775390625,1162140.0
2024-06-07,258.79998779296875,288.0,258.79998779296875,281.3500061035156,281.1343688964844,5775140.0
2024-06-10,286.0050048828125,297.0,284.7049865722656,289.67498779296875,289.4529724121094,2393510.0
2024-06-11,291.8800048828125,295.5,287.0,293.8399963378906,293.61480712890625,1336800.0
2024-06-12,295.70001220703125,299.5,290.0,292.1700134277344,291.94610595703125,1919140.0
2024-06-13,291.1000061035156,298.6499938964844,288.1050109863281,298.0299987792969,297.80157470703125,1477430.0
2024-06-14,299.29998779296875,301.6000061035156,293.5,294.3450012207031,294.119384765625,1229330.0
2024-06-18,297.5350036621094,302.8800048828125,291.2550048828125,300.7099914550781,300.4794921875,1594740.0
2024-06-19,303.010009765625,329.6000061035156,296.1000061035156,318.2449951171875,318.0010681152344,5122490.0
2024-06-20,320.0,330.0,315.6000061035156,325.05499267578125,324.80584716796875,1562590.0
2024-06-21,324.3999938964844,328.1600036621094,317.0,320.6499938964844,320.4042358398437,1463840.0
2024-06-24,320.6000061035156,332.5,318.1700134277344,328.6600036621094,328.4081115722656,2032490.0
2024-06-25,331.260009765625,338.0,324.5150146484375,327.2799987792969,327.0291748046875,1529910.0
2024-06-26,329.5,341.0,327.0,337.0150146484375,336.7567138671875,1399310.0
2024-06-27,342.79998779296875,354.8699951171875,334.0150146484375,344.7799987792969,344.5157470703125,2312040.0
2024-06-28,357.7650146484375,359.1000061035156,344.70001220703125,355.4700012207031,355.19757080078125,1325170.0
2024-07-01,360.75,394.8800048828125,360.75,390.7850036621094,390.4855041503906,3178070.0
2024-07-02,397.0450134277344,405.0,366.2950134277344,386.3900146484375,386.0938720703125,2624340.0
2024-07-03,391.1000061035156,393.4049987792969,371.2099914550781,377.0199890136719,376.7310485839844,1530060.0
2024-07-04,379.8999938964844,382.3999938964844,367.5150146484375,369.8900146484375,369.6065368652344,1079330.0
2024-07-05,369.9049987792969,378.8800048828125,356.1000061035156,368.7950134277344,368.5123596191406,1732340.0
2024-07-08,372.4500122070313,379.0,368.2099914550781,370.6449890136719,370.3609313964844,1623480.0
2024-07-09,373.8999938964844,404.7900085449219,372.1099853515625,399.989990234375,399.6834106445313,3140000.0
2024-07-10,404.1499938964844,407.7999877929688,388.0,396.8999938964844,396.5957946777344,1551279.0
2024-07-11,392.0,398.0,374.0,393.8999938964844,393.59808349609375,1951550.0
2024-07-12,398.0,398.0,370.7999877929688,376.6000061035156,376.3113708496094,1722175.0
2024-07-15,378.0,379.8999938964844,357.20001220703125,364.6499938964844,364.3705139160156,1390868.0
2024-07-16,364.6499938964844,376.7999877929688,360.1000061035156,363.75,363.47119140625,479618.0
2024-07-18,364.7999877929688,365.9500122070313,350.8999938964844,356.95001220703125,356.67645263671875,753988.0
2024-07-19,357.0,366.0,344.1499938964844,350.29998779296875,350.0315246582031,950576.0
2024-07-22,347.0,377.0,344.04998779296875,370.2999877929688,370.0161743164063,803207.0
2024-07-23,372.2999877929688,381.8999938964844,337.0,370.7000122070313,370.4158935546875,1639889.0
2024-07-24,388.0,407.9500122070313,384.6000061035156,400.6499938964844,400.3429260253906,1667110.0
2024-07-25,448.7000122070313,464.0,423.5,449.5499877929688,449.2054443359375,9312806.0
2024-07-26,462.1000061035156,468.8999938964844,434.5,441.6000061035156,441.2615356445313,2060383.0
2024-07-29,443.6000061035156,467.0,440.0499877929688,461.9500122070313,461.5959777832031,1455470.0
2024-07-30,461.9500122070313,462.7000122070313,440.0,443.3500061035156,443.01019287109375,1155328.0
2024-07-31,444.8999938964844,449.0,430.0,444.5,444.1593322753906,883448.0
2024-08-01,443.5499877929688,451.0,430.0499877929688,434.7000122070313,434.3668518066406,717908.0
2024-08-02,423.0,437.8999938964844,420.3500061035156,434.3999938964844,434.0670471191406,696801.0
2024-08-05,408.0,430.0,404.0,410.4500122070313,410.1354370117188,1170709.0
2024-08-06,422.0499877929688,434.0,417.0499877929688,428.25,427.9217834472656,637855.0
2024-08-07,437.7999877929688,437.7999877929688,420.0499877929688,426.75,426.4229431152344,610734.0
2024-08-08,422.0,435.0,421.6499938964844,424.9500122070313,424.6243286132813,391006.0
2024-08-09,428.0,440.6000061035156,421.5,430.4500122070313,430.1200866699219,442223.0
2024-08-12,431.1000061035156,451.7999877929688,425.0499877929688,442.1499938964844,441.8110961914063,1085385.0
2024-08-13,446.1000061035156,451.0,429.0,433.0,432.6681518554688,707466.0
2024-08-14,433.0,445.0,414.4500122070313,436.1499938964844,435.8157043457031,1003211.0
2024-08-16,441.8500061035156,495.0,440.0,490.1000061035156,489.724365234375,3280659.0
2024-08-19,500.0,535.0,499.0499877929688,519.8499755859375,519.4515380859375,2956466.0
2024-08-20,525.2000122070312,541.7999877929688,512.25,531.75,531.3424072265625,1469087.0
2024-08-21,534.0999755859375,538.9000244140625,521.75,525.9000244140625,525.4969482421875,752854.0
2024-08-22,533.3499755859375,560.0,527.25,555.5499877929688,555.1242065429688,1430401.0
2024-08-23,567.0,592.0,553.3499755859375,558.1500244140625,557.7222290039062,2338007.0
2024-08-26,564.0999755859375,566.9000244140625,517.0,521.1500244140625,520.7506103515625,2424946.0
2024-08-27,524.0,534.9500122070312,503.2000122070313,505.2000122070313,504.8128051757813,1290041.0
2024-08-28,505.5,518.7000122070312,501.0,507.8999938964844,507.5107116699219,752372.0
2024-08-29,508.8500061035156,510.1499938964844,487.1499938964844,490.0,489.62445068359375,1369619.0
2024-08-30,493.75,534.9500122070312,487.8999938964844,525.1500244140625,524.74755859375,1988390.0
2024-09-02,537.0,540.0,511.0,513.8499755859375,513.4561767578125,1312811.0
2024-09-03,520.0,546.4000244140625,518.0,541.7000122070312,541.2848510742188,1296785.0
2024-09-04,538.0,571.0999755859375,532.4000244140625,567.4500122070312,567.01513671875,1642020.0
2024-09-05,572.0,607.0,570.0499877929688,591.0999755859375,590.6469116210938,1860013.0
2024-09-06,596.9000244140625,623.0,592.2999877929688,601.8499755859375,601.388671875,1994407.0
2024-09-09,610.2999877929688,624.0,581.2000122070312,613.9000244140625,613.4295043945312,1891101.0
2024-09-10,620.0,647.7000122070312,604.0999755859375,617.9500122070312,617.4763793945312,1762238.0
2024-09-11,624.0,646.6500244140625,605.2000122070312,610.2000122070312,609.7322998046875,1471637.0
2024-09-12,615.9000244140625,630.0,608.9000244140625,614.7999877929688,614.3287963867188,841361.0
2024-09-13,635.0,638.0,605.0499877929688,614.4000244140625,613.9291381835938,1519168.0
2024-09-16,618.9500122070312,637.0,608.0,614.7000122070312,614.2288818359375,1087873.0
2024-09-17,612.9500122070312,624.0,594.0999755859375,621.25,620.7738037109375,1370881.0
2024-09-18,622.9000244140625,648.0,621.0999755859375,639.4000244140625,638.9099731445312,1398668.0
2024-09-19,641.0,642.7000122070312,604.0,616.5499877929688,616.0774536132812,1490709.0
2024-09-20,618.9500122070312,630.0,596.6500244140625,613.5,613.02978515625,5480244.0
2024-09-23,618.0999755859375,621.9000244140625,610.0,612.0,611.7303466796875,562280.0
2024-09-24,614.4000244140625,637.0,613.0,634.0,633.7206420898438,798176.0
2024-09-25,639.0,694.0,639.0,674.75,674.4526977539062,3166575.0
2024-09-26,676.8499755859375,680.5999755859375,659.9500122070312,673.75,673.453125,1000662.0
2024-09-27,673.25,679.6500244140625,661.1500244140625,664.2000122070312,663.9073486328125,1508392.0
2024-09-30,662.8499755859375,667.0499877929688,639.0,643.0999755859375,642.816650390625,789897.0
2024-10-01,643.0499877929688,648.4000244140625,613.0999755859375,632.0499877929688,631.771484375,1158293.0
2024-10-03,617.0,623.1500244140625,603.0,612.9500122070312,612.679931640625,1298899.0
2024-10-04,612.9500122070312,622.0,588.0,609.8499755859375,609.581298828125,993244.0
2024-10-07,615.0499877929688,615.2000122070312,535.0,538.6500244140625,538.4127197265625,2898112.0
2024-10-08,536.9500122070312,615.0,532.2000122070312,610.25,609.9811401367188,2456461.0
2024-10-09,610.0499877929688,636.9000244140625,610.0499877929688,619.2999877929688,619.027099609375,890720.0
2024-10-10,620.9500122070312,636.0,608.0999755859375,614.7999877929688,614.5291137695312,848499.0
2024-10-11,615.9500122070312,620.9500122070312,606.0,611.0499877929688,610.78076171875,419036.0
2024-10-14,613.6500244140625,627.0,608.25,619.2999877929688,619.027099609375,515904.0
2024-10-15,622.8499755859375,623.5,602.0999755859375,614.5,614.229248046875,626211.0
2024-10-16,613.0,613.0,590.0,591.2999877929688,591.0394897460938,828017.0
2024-10-17,606.5,619.0,591.0,593.5499877929688,593.2884521484375,1226666.0
2024-10-18,591.7000122070312,632.9000244140625,574.0999755859375,616.0999755859375,615.8285522460938,1688155.0
2024-10-21,620.0,620.0,582.2000122070312,586.9000244140625,586.6414184570312,1079033.0
2024-10-22,586.9000244140625,598.0,570.0,571.9000244140625,571.6480712890625,998627.0
2024-10-23,570.0499877929688,595.0,556.5499877929688,585.7999877929688,585.5418701171875,943030.0
2024-10-24,586.0499877929688,600.0499877929688,586.0,592.0999755859375,591.839111328125,578582.0
2024-10-25,589.9500122070312,591.8499755859375,546.9500122070312,566.0,565.7506103515625,1219256.0
2024-10-28,566.0,587.0999755859375,555.0499877929688,579.5499877929688,579.2946166992188,643828.0
2024-10-29,580.0,595.0,573.75,585.8499755859375,585.5918579101562,507363.0
2024-10-30,585.1500244140625,613.7000122070312,583.5,599.9500122070312,599.6856689453125,611552.0
2024-10-31,595.3499755859375,642.7999877929688,595.0499877929688,637.0,636.7193603515625,1237251.0
2024-11-01,640.9000244140625,651.0999755859375,637.9000244140625,641.1500244140625,640.8675537109375,255188.0
2024-11-04,640.0,641.1500244140625,609.5,625.5999755859375,625.3243408203125,1093391.0
2024-11-05,621.0,639.0,618.75,631.7000122070312,631.4216918945312,632565.0
2024-11-06,630.0,672.0,628.0,668.2999877929688,668.0055541992188,1180828.0
2024-11-07,671.7000122070312,683.0,657.5,668.7999877929688,668.5053100585938,722951.0
2024-11-08,670.0499877929688,695.0,658.5499877929688,689.7000122070312,689.3961181640625,1683633.0
2024-11-11,701.0499877929688,710.0,618.0,646.5499877929688,646.26513671875,4717983.0
2024-11-12,633.0,681.3499755859375,625.0,649.25,648.9639282226562,1706788.0
2024-11-13,649.9000244140625,662.9500122070312,625.0499877929688,629.5499877929688,629.2725830078125,982119.0
2024-11-14,629.5499877929688,647.5,626.0,628.75,628.4729614257812,704838.0
2024-11-18,631.0,638.0,610.9000244140625,624.2999877929688,624.02490234375,754086.0
2024-11-19,652.0,719.0,652.0,675.9000244140625,675.6022338867188,3376862.0
2024-11-21,676.9000244140625,691.0,655.2000122070312,683.1500244140625,682.8490600585938,1077981.0
2024-11-22,688.9500122070312,694.4500122070312,671.0999755859375,684.1500244140625,683.8485717773438,735000.0
2024-11-25,706.0,706.0,669.5,682.5999755859375,682.2991943359375,1083053.0
2024-11-26,688.0,688.9000244140625,670.0,676.3499755859375,676.052001953125,434659.0
2024-11-27,680.0,719.0,673.0499877929688,712.4500122070312,712.1361083984375,2474445.0
2024-11-28,716.0,716.7999877929688,695.5,700.3499755859375,700.0413818359375,821166.0
2024-11-29,699.0,732.0,694.0999755859375,723.0,722.6814575195312,1982091.0
2024-12-02,723.0,756.7000122070312,720.0499877929688,748.1500244140625,747.8203735351562,1829623.0
2024-12-03,748.1500244140625,762.5,735.0499877929688,759.8499755859375,759.5151977539062,1927104.0
2024-12-04,744.0499877929688,779.7000122070312,739.0499877929688,772.7999877929688,772.45947265625,1521554.0
2024-12-05,773.0,825.0,769.9500122070312,776.5,776.1578979492188,3853578.0
2024-12-06,791.0499877929688,819.7000122070312,780.8499755859375,813.5,813.1416015625,1660585.0
2024-12-09,825.0,860.0,822.0499877929688,857.0,856.6224365234375,1939703.0
2024-12-10,864.5,864.5,812.2000122070312,849.8499755859375,849.4755249023438,1944959.0
2024-12-11,860.0,868.2000122070312,840.6500244140625,848.4000244140625,848.0262451171875,802400.0
2024-12-12,847.0,867.5,829.1500244140625,856.4000244140625,856.022705078125,1432574.0
2024-12-13,852.5499877929688,953.0,842.5999755859375,916.5499877929688,916.1461791992188,4177542.0
2024-12-16,933.0,1014.0,930.0,1000.1500244140624,999.7093505859376,3562274.0
2024-12-17,1014.0,1019.0,970.0999755859376,984.5,984.0662231445312,2562769.0
2024-12-18,983.9500122070312,983.9500122070312,931.0499877929688,942.7999877929688,942.3845825195312,1185668.0
2024-12-19,901.0,985.0,890.8499755859375,950.8499755859376,950.4310302734376,2433305.0
2024-12-20,978.0,978.0,910.0,918.9500122070312,918.5451049804688,1102894.0
2024-12-23,925.0,961.9000244140624,896.8499755859375,950.8499755859376,950.4310302734376,1422211.0
2024-12-24,988.0,1002.0,961.5,966.6500244140624,966.22412109375,2768538.0
2024-12-26,975.0,986.0,955.5999755859376,962.5999755859376,962.1758422851562,1032822.0
2024-12-27,975.0,1009.7000122070312,966.0,993.25,992.8123779296876,1845966.0
2024-12-30,1003.0,1015.0,967.0,1008.4000244140624,1007.9557495117188,1649046.0
2024-12-31,1008.4000244140624,1028.0,969.0,980.5999755859376,980.1679077148438,1030626.0
2025-01-01,983.0,1036.0,971.0999755859376,1023.7000122070312,1023.2489624023438,1423588.0
2025-01-02,1033.0,1033.949951171875,999.0,1013.5999755859376,1013.1533813476562,1383859.0
2025-01-03,1011.0,1031.9000244140625,1001.0999755859376,1016.6500244140624,1016.2020874023438,924130.0
2025-01-06,1017.7999877929688,1054.199951171875,988.8499755859376,996.4000244140624,995.9609985351562,2037852.0
2025-01-07,1008.0,1020.0,972.2999877929688,979.75,979.3182983398438,1520881.0
2025-01-08,979.75,997.0,945.0499877929688,950.5,950.0812377929688,969150.0
2025-01-09,950.2000122070312,955.0,907.9500122070312,922.2000122070312,921.793701171875,924151.0
2025-01-10,906.0,932.9000244140624,870.0499877929688,881.8499755859375,881.46142578125,1823919.0
2025-01-13,864.4500122070312,899.0,815.5,827.25,826.885498046875,1597653.0
2025-01-14,832.5499877929688,871.8499755859375,826.0499877929688,851.5,851.1248168945312,1161303.0
2025-01-15,858.0,886.0,823.3499755859375,849.8499755859375,849.4755249023438,1429705.0
2025-01-16,865.0,913.9000244140624,865.0,900.8499755859376,900.4530639648438,1695908.0
2025-01-17,904.7000122070312,908.9500122070312,853.6500244140625,861.5,861.1204223632812,773294.0
2025-01-20,865.9500122070312,873.7000122070312,850.0999755859375,856.9500122070312,856.5724487304688,780614.0
2025-01-21,863.9000244140625,874.9500122070312,801.0,805.9500122070312,805.5949096679688,1336935.0
2025-01-22,807.0499877929688,812.5,718.0999755859375,756.25,755.9168090820312,2684091.0
2025-01-23,752.0,804.5,733.3499755859375,772.2000122070312,771.8598022460938,1561561.0
2025-01-24,776.7999877929688,793.9000244140625,740.4500122070312,745.9500122070312,745.621337890625,1201988.0
2025-01-27,716.3499755859375,733.7000122070312,692.5499877929688,725.9500122070312,725.6301879882812,1727156.0
2025-01-28,726.9500122070312,734.0,597.0499877929688,643.1500244140625,642.8666381835938,4464729.0
2025-01-29,645.0,738.0,645.0,725.9000244140625,725.5802001953125,3339970.0
2025-01-30,740.0499877929688,749.6500244140625,710.25,720.4500122070312,720.132568359375,1154383.0
2025-01-31,724.9500122070312,800.0,712.5999755859375,782.5,782.1552124023438,1967729.0
2025-02-01,790.2999877929688,821.0,753.0,800.5,800.1472778320312,1295219.0
2025-02-03,802.4500122070312,824.0,776.0999755859375,784.4500122070312,784.1043701171875,1267944.0
2025-02-04,819.0,819.0,790.5,804.9000244140625,804.54541015625,893741.0
2025-02-05,812.9000244140625,854.9000244140625,806.0499877929688,834.9000244140625,834.5321655273438,1117432.0
2025-02-06,844.9000244140625,873.5499877929688,835.5,840.6500244140625,840.2796630859375,1271245.0
2025-02-07,920.0,925.0,851.0499877929688,863.5999755859375,863.219482421875,4755979.0
2025-02-10,878.0,880.0,797.0999755859375,816.0499877929688,815.6904296875,1703265.0
2025-02-11,816.0499877929688,835.0,797.5,804.7999877929688,804.4453735351562,1801653.0
2025-02-12,795.0,840.5,764.25,828.7999877929688,828.434814453125,1972754.0
2025-02-13,835.3499755859375,848.0499877929688,805.0499877929688,810.9000244140625,810.542724609375,780347.0
2025-02-14,812.9000244140625,816.8499755859375,750.5999755859375,759.9000244140625,759.565185546875,1396494.0
2025-02-17,750.0,797.8499755859375,741.0,783.0,782.655029296875,1629031.0
2025-02-18,783.3499755859375,784.0,730.2000122070312,742.5,742.1728515625,1506252.0
2025-02-19,730.0,811.4000244140625,716.0,807.0,806.6444091796875,2259955.0
2025-02-20,792.0,840.0,791.7000122070312,827.4500122070312,827.08544921875,1340040.0
2025-02-21,822.9500122070312,844.7000122070312,812.1500244140625,826.5499877929688,826.185791015625,933613.0
2025-02-24,815.0,816.2999877929688,796.1500244140625,809.25,808.8934326171875,948832.0
2025-02-25,810.4000244140625,829.6500244140625,795.7999877929688,814.9000244140625,814.5409545898438,790143.0
2025-02-27,817.2999877929688,824.0,783.2000122070312,794.8499755859375,794.499755859375,590492.0
2025-02-28,773.3499755859375,809.8499755859375,741.0999755859375,794.7999877929688,794.4498291015625,2992822.0
2025-03-03,798.7999877929688,825.9500122070312,781.2999877929688,806.4500122070312,806.0946655273438,1995476.0
2025-03-04,801.0,846.4500122070312,786.5999755859375,841.1500244140625,840.7794189453125,1485203.0
2025-03-05,845.0,879.2999877929688,842.7999877929688,847.2999877929688,846.9266967773438,1832934.0
2025-03-06,861.5,889.9000244140625,845.7000122070312,870.8499755859375,870.46630859375,2180706.0
2025-03-07,876.0,895.0,863.9000244140625,877.0499877929688,876.66357421875,1469637.0
2025-03-10,879.0,915.0,879.0,899.0499877929688,898.6538696289062,1843353.0
2025-03-11,880.8499755859375,901.2000122070312,856.4000244140625,892.4500122070312,892.0568237304688,1424331.0
2025-03-12,895.0,904.0,845.0,854.5,854.12353515625,991955.0
2025-03-13,858.7000122070312,863.9000244140625,827.4000244140625,835.0,834.632080078125,1175099.0
2025-03-17,830.0,843.5,815.1500244140625,835.2999877929688,834.9319458007812,718503.0
2025-03-18,835.2999877929688,835.2999877929688,835.2999877929688,835.2999877929688,834.9319458007812,0.0
2025-03-19,898.0,901.9500122070312,875.0,893.1500244140625,892.7565307617188,868783.0
2025-03-20,900.0,933.0,887.2000122070312,915.25,914.8467407226562,1969330.0
2025-03-21,925.0,952.0,917.0499877929688,946.2000122070312,945.7831420898438,3888481.0
2025-03-24,942.7000122070312,962.0,935.2999877929688,945.0,944.5836181640624,1154718.0
2025-03-25,945.3499755859376,949.7999877929688,875.25,883.75,883.360595703125,1523007.0
2025-03-26,885.0,921.4500122070312,865.0,870.1500244140625,869.7666625976562,1304628.0
2025-03-27,870.1500244140625,990.0,857.2999877929688,927.0499877929688,926.6415405273438,3563220.0
2025-03-28,950.0,973.0,907.6500244140624,916.5999755859376,916.1961059570312,1718645.0
2025-04-01,915.9500122070312,959.9000244140624,896.0,901.5999755859376,901.2027587890624,1157659.0
2025-04-02,901.7000122070312,919.7000122070312,885.5499877929688,916.5999755859376,916.1961059570312,746679.0
2025-04-03,899.9000244140625,959.0,899.9000244140625,936.9000244140624,936.4872436523438,1990292.0
2025-04-04,938.0,941.9500122070312,836.2999877929688,871.6500244140625,871.2659912109375,2456393.0
2025-04-07,714.7000122070312,830.0499877929688,714.7000122070312,813.0,812.6417846679688,2277450.0
2025-04-08,850.5499877929688,884.6500244140625,841.0499877929688,865.0,864.618896484375,4040923.0
2025-04-09,864.8499755859375,864.8499755859375,840.0499877929688,851.4000244140625,851.02490234375,743755.0
2025-04-11,884.0499877929688,923.0,871.0999755859375,917.7999877929688,917.3956298828124,2910192.0
2025-04-15,940.0,975.0,936.6500244140624,956.0,955.5787963867188,1900136.0
2025-04-16,963.0,964.9000244140624,944.0,960.8499755859376,960.4266357421876,773861.0
2025-04-17,954.7000122070312,974.7999877929688,943.1500244140624,948.4500122070312,948.0321044921876,896364.0
2025-04-21,960.0,965.5,930.25,934.6500244140624,934.2382202148438,893335.0
2025-04-22,935.5499877929688,984.9000244140624,935.5499877929688,968.4500122070312,968.0233154296876,1850086.0
2025-04-23,981.0,1008.0,946.9000244140624,956.0999755859376,955.6787109375,1920417.0
2025-04-24,957.9000244140624,963.75,921.0999755859376,927.0999755859376,926.6914672851562,997334.0
2025-04-25,929.0,934.0,858.5499877929688,871.1500244140625,870.7661743164062,1959559.0
2025-04-28,870.0,916.7000122070312,866.5999755859375,884.7999877929688,884.41015625,1649372.0
2025-04-29,890.0,894.7999877929688,864.0999755859375,866.4000244140625,866.018310546875,820946.0
2025-04-30,868.0,906.2999877929688,838.4000244140625,844.2999877929688,843.927978515625,1828625.0
2025-05-02,853.0,859.4000244140625,823.2000122070312,827.0,826.6356201171875,1310420.0
2025-05-05,835.0,854.0,817.2000122070312,821.75,821.387939453125,1085753.0
2025-05-06,825.5,836.2000122070312,792.0,794.7000122070312,794.349853515625,1260431.0
2025-05-07,782.9500122070312,857.0,780.4000244140625,845.7000122070312,845.327392578125,2551796.0
2025-05-08,850.0,865.0,815.0,829.5999755859375,829.2344360351562,1124453.0
2025-05-09,804.9500122070312,827.7000122070312,786.0999755859375,798.4500122070312,798.0982055664062,1783642.0
2025-05-12,855.0,898.5,840.5499877929688,881.4500122070312,881.0616455078125,3421407.0
2025-05-13,878.0,879.8499755859375,840.0999755859375,846.9000244140625,846.52685546875,2887099.0
2025-05-14,854.7999877929688,863.1500244140625,822.5499877929688,833.0,832.6329956054688,2122902.0
2025-05-15,833.0499877929688,835.9500122070312,800.0,809.3499755859375,808.993408203125,2050818.0
2025-05-16,814.0,835.0,801.5999755859375,804.0499877929688,803.6957397460938,1766795.0
2025-05-19,804.0,804.0,781.8499755859375,787.4500122070312,787.1030883789062,1354587.0
2025-05-20,796.0,830.7000122070312,781.5499877929688,822.25,821.8876953125,3022028.0
2025-05-21,826.25,827.4500122070312,790.0499877929688,792.5999755859375,792.250732421875,2421239.0
2025-05-22,794.4500122070312,794.5,746.0,756.0999755859375,755.766845703125,2237248.0
2025-05-23,760.0,778.5999755859375,745.6500244140625,774.4000244140625,774.058837890625,3381173.0
2025-05-26,777.8499755859375,780.9500122070312,755.0,771.5499877929688,771.2100219726562,2152737.0
2025-05-27,760.0,781.0999755859375,755.0999755859375,765.2000122070312,764.8628540039062,11146006.0
2025-05-28,772.0499877929688,809.9000244140625,772.0499877929688,779.9000244140625,779.556396484375,5052635.0
2025-05-29,783.0,784.75,767.3499755859375,770.4500122070312,770.1105346679688,1992675.0
2025-05-30,770.4500122070312,778.6500244140625,756.9000244140625,771.4500122070312,771.110107421875,1286572.0
2025-06-02,771.0999755859375,793.9000244140625,761.0,790.25,789.9017944335938,1863334.0
2025-06-03,795.0,795.5,760.0,764.6500244140625,764.3131103515625,1943583.0
2025-06-04,760.0,769.0,753.7999877929688,759.5499877929688,759.21533203125,1345892.0
2025-06-05,760.0,788.0,760.0,778.4000244140625,778.0570678710938,1627636.0
2025-06-06,778.4000244140625,781.5499877929688,766.4500122070312,772.5499877929688,772.2095947265625,784589.0
2025-06-09,776.0,779.0999755859375,761.9000244140625,769.25,768.9110717773438,1163935.0
2025-06-10,771.4000244140625,773.8499755859375,750.0,763.25,762.9136962890625,1239815.0
2025-06-11,765.0,779.0,754.2999877929688,764.7999877929688,764.4630126953125,1347553.0
2025-06-12,765.0,776.2000122070312,754.0,757.6500244140625,757.3162231445312,759923.0
2025-06-13,744.0,757.7000122070312,740.0999755859375,751.5499877929688,751.2188720703125,1215147.0
2025-06-16,747.0,766.0,738.0,761.7999877929688,761.46435546875,886576.0
2025-06-17,762.2000122070312,774.4000244140625,758.0499877929688,765.2000122070312,764.8628540039062,1184334.0
2025-06-18,764.5,774.7000122070312,759.9000244140625,763.0499877929688,762.7138061523438,872858.0
2025-06-19,764.2999877929688,789.0,741.0,746.3499755859375,746.0211181640625,1619453.0
2025-06-20,747.0,751.4500122070312,737.0,739.4000244140625,739.07421875,972461.0
2025-06-23,731.0,743.5499877929688,716.0,735.2999877929688,734.9760131835938,1354881.0
2025-06-24,745.0,772.9000244140625,745.0,764.4500122070312,764.1132202148438,2398614.0
2025-06-25,769.9000244140625,780.0,758.4000244140625,762.7000122070312,762.3639526367188,1474289.0
2025-06-26,764.0,766.2999877929688,750.4000244140625,753.3499755859375,753.01806640625,1062217.0
2025-06-27,754.5,774.7999877929688,751.2999877929688,760.9000244140625,760.5647583007812,4018809.0
2025-06-30,763.5,768.5999755859375,745.0,754.6500244140625,754.3175048828125,2911097.0
2025-07-01,754.6500244140625,755.5999755859375,719.25,723.0,722.6814575195312,3604835.0
2025-07-02,726.4500122070312,749.7000122070312,723.5,745.9500122070312,745.621337890625,3613641.0
2025-07-03,748.0,769.75,737.0,762.25,761.9141845703125,2919087.0
2025-07-04,764.7000122070312,771.4000244140625,745.0,754.5,754.1675415039062,1302333.0
2025-07-07,750.0,765.5,746.5499877929688,759.1500244140625,758.8155517578125,1146380.0
2025-07-08,758.0,762.5499877929688,738.4000244140625,740.5,740.1737670898438,1310562.0
2025-07-09,740.0,796.9000244140625,740.0,788.75,788.4024658203125,7080442.0
2025-07-10,790.0,794.25,771.2999877929688,773.3499755859375,773.0092163085938,1912597.0
2025-07-11,775.0,775.0,756.5,767.7000122070312,767.3617553710938,1005294.0
2025-07-14,770.0,792.0,758.25,783.6500244140625,783.3047485351562,1690340.0
2025-07-15,790.0,813.9000244140625,783.9000244140625,808.9000244140625,808.5436401367188,4936560.0
2025-07-16,815.9500122070312,832.8499755859375,804.1500244140625,828.0,827.6351928710938,4190276.0
2025-07-17,829.0,836.4500122070312,821.25,826.0499877929688,825.68603515625,1480777.0
2025-07-18,829.7999877929688,830.9500122070312,803.0,809.0499877929688,808.6935424804688,1346095.0
2025-07-21,805.0,818.0,799.2999877929688,806.9500122070312,806.594482421875,991676.0
2025-07-22,808.0,814.2000122070312,785.0999755859375,788.9000244140625,788.5524291992188,963338.0
2025-07-23,792.4000244140625,797.4000244140625,776.75,791.1500244140625,790.8014526367188,1419516.0
2025-07-24,793.7000122070312,817.8499755859375,791.1500244140625,801.25,800.89697265625,1713050.0
2025-07-25,800.0,818.5999755859375,791.75,800.7000122070312,800.3472290039062,1795737.0
2025-07-28,795.2000122070312,816.0,782.5499877929688,789.3499755859375,789.002197265625,1606295.0
2025-07-29,782.0,810.0,780.4000244140625,806.9500122070312,806.594482421875,1284953.0
2025-07-30,807.0,820.0,803.0,805.4000244140625,805.045166015625,1027009.0
2025-07-31,790.0,823.5,785.25,811.6500244140625,811.2924194335938,2267059.0
2025-08-01,812.0999755859375,816.6500244140625,775.0,778.6500244140625,778.3069458007812,1991295.0
2025-08-04,775.0,797.5999755859375,772.3499755859375,789.2999877929688,788.9522094726562,1460357.0
2025-08-05,789.2999877929688,796.6500244140625,783.7000122070312,790.9000244140625,790.5515747070312,962203.0
2025-08-06,791.2999877929688,791.2999877929688,750.0999755859375,751.9500122070312,751.6187133789062,3172827.0
2025-08-07,735.0,752.0,712.5,736.8499755859375,736.5253295898438,2473374.0
2025-08-08,741.4000244140625,746.5,567.3499755859375,588.7999877929688,588.5405883789062,21337870.0
2025-08-11,559.3499755859375,559.3499755859375,473.75,506.0,505.7770690917969,51301697.0
2025-08-12,520.0,536.9000244140625,513.0499877929688,515.2000122070312,514.9730224609375,17934439.0
2025-08-13,522.0,522.0,483.0499877929688,486.1000061035156,485.8858337402344,6902950.0
2025-08-14,488.0,506.5,465.0,489.6499938964844,489.4342651367188,6233238.0
2025-08-18,522.0,556.7999877929688,518.0,528.5999755859375,528.3670654296875,23765080.0
2025-08-19,536.0999755859375,543.8499755859375,529.0999755859375,540.2999877929688,540.0619506835938,6102934.0
2025-08-20,540.2999877929688,573.75,534.0,536.5999755859375,536.363525390625,16723043.0
2025-08-21,540.0,561.0,535.25,559.1500244140625,558.9036865234375,7773150.0
2025-08-22,560.7999877929688,577.7999877929688,560.7999877929688,563.7000122070312,563.45166015625,6389821.0
2025-08-25,570.0,588.7000122070312,566.2000122070312,584.0,583.74267578125,5784148.0
2025-08-26,583.8499755859375,583.9000244140625,548.7000122070312,557.25,557.0044555664062,8117925.0
2025-08-28,560.0,561.25,539.5,541.25,541.0115356445312,4364068.0
2025-08-29,543.7999877929688,548.0,531.2999877929688,533.0999755859375,532.8651123046875,2526074.0
2025-09-01,543.0,559.4000244140625,542.0999755859375,554.9500122070312,554.7055053710938,6979825.0
2025-09-02,558.4500122070312,586.5999755859375,556.4000244140625,560.2999877929688,560.0531005859375,7399876.0
2025-09-03,562.5499877929688,562.5499877929688,548.2000122070312,553.2000122070312,552.956298828125,3114050.0
2025-09-04,573.0999755859375,589.5,553.0,555.0,554.7554931640625,9520891.0
2025-09-05,557.7000122070312,567.4000244140625,547.2000122070312,554.1500244140625,553.9058837890625,3112789.0
2025-09-08,558.4000244140625,564.4000244140625,548.7999877929688,551.75,551.5068969726562,1802467.0
2025-09-09,554.25,569.9500122070312,548.25,566.25,566.00048828125,3481500.0
2025-09-10,565.0,574.4000244140625,562.0999755859375,572.2999877929688,572.0478515625,2249605.0
2025-09-11,572.0,587.5999755859375,568.7999877929688,570.0499877929688,569.798828125,3737133.0
2025-09-12,572.5,577.0,560.6500244140625,569.9000244140625,569.64892578125,2720209.0
2025-09-15,572.0,577.5999755859375,566.0,573.2000122070312,572.9474487304688,1462354.0
2025-09-16,574.5,576.5,567.0,569.9000244140625,569.64892578125,1538365.0
2025-09-17,572.0,573.7999877929688,561.5,569.0499877929688,568.7992553710938,1569287.0
2025-09-18,571.0,573.9000244140625,562.5,567.4000244140625,567.1500244140625,978317.0
2025-09-19,567.0,575.0,563.0999755859375,571.1500244140625,571.1500244140625,2656684.0
2025-09-22,571.0,574.0999755859375,558.2000122070312,561.0,561.0,1894225.0
2025-09-23,561.0,567.0,555.5,558.2000122070312,558.2000122070312,1180388.0
2025-09-24,557.0,558.9500122070312,539.5,544.2999877929688,544.2999877929688,1498982.0
2025-09-25,543.0,555.8499755859375,537.5,539.75,539.75,1204594.0
2025-09-26,538.0,538.5,512.5999755859375,514.6500244140625,514.6500244140625,3988739.0
2025-09-29,522.7999877929688,526.1500244140625,496.75,504.7000122070313,504.7000122070313,7061220.0
2025-09-30,504.7000122070313,511.2000122070313,498.8999938964844,502.2999877929688,502.2999877929688,1931154.0
2025-10-01,504.0,512.5999755859375,502.2000122070313,510.8500061035156,510.8500061035156,1372584.0
2025-10-03,515.0,518.0,508.4500122070313,514.1500244140625,514.1500244140625,1731044.0
2025-10-06,516.0,521.0,503.4500122070313,517.2000122070312,517.2000122070312,1905270.0
2025-10-07,521.7000122070312,533.6500244140625,519.0499877929688,521.25,521.25,3337903.0
2025-10-08,522.7999877929688,522.7999877929688,509.1499938964844,514.7000122070312,514.7000122070312,1965990.0
2025-10-09,514.9500122070312,558.7000122070312,514.7000122070312,553.1500244140625,553.1500244140625,18898532.0
2025-10-10,550.2999877929688,589.9000244140625,548.7000122070312,585.9500122070312,585.9500122070312,14062831.0
2025-10-13,577.0499877929688,594.9000244140625,577.0499877929688,583.75,583.75,4863861.0
2025-10-14,585.0,594.4000244140625,565.2000122070312,569.0499877929688,569.0499877929688,3325044.0
2025-10-15,569.0499877929688,580.0,564.4500122070312,571.2999877929688,571.2999877929688,2600779.0
2025-10-16,572.9000244140625,573.9500122070312,562.9000244140625,568.8499755859375,568.8499755859375,1681335.0
2025-10-17,568.5,592.9500122070312,567.0999755859375,588.25,588.25,5038180.0
2025-10-20,594.0,597.9000244140625,582.2999877929688,584.0,584.0,2775678.0
2025-10-21,590.0,591.5,580.0,583.2000122070312,583.2000122070312,530774.0
2025-10-23,588.0,588.8499755859375,572.0,575.75,575.75,1053676.0
2025-10-24,575.0,581.25,571.0499877929688,575.9500122070312,575.9500122070312,843199.0
2025-10-27,575.9500122070312,575.9500122070312,567.2000122070312,571.9500122070312,571.9500122070312,957489.0
2025-10-28,572.0,577.0,563.0999755859375,565.2999877929688,565.2999877929688,1082198.0
2025-10-29,567.0,577.0,564.8499755859375,574.5999755859375,574.5999755859375,1259123.0
2025-10-30,573.2000122070312,579.8499755859375,571.5,573.7999877929688,573.7999877929688,575389.0
2025-10-31,573.0,582.7999877929688,568.0,570.9500122070312,570.9500122070312,1172710.0
2025-11-03,569.9500122070312,581.0,569.5,575.9500122070312,575.9500122070312,708068.0
2025-11-04,575.9500122070312,577.4500122070312,564.0,568.75,568.75,1006850.0
2025-11-06,569.9000244140625,572.4500122070312,547.0999755859375,550.0999755859375,550.0999755859375,1529475.0
2025-11-07,542.0,542.0,516.25,528.2999877929688,528.2999877929688,5118663.0
2025-11-10,530.0,537.2999877929688,523.0,532.2999877929688,532.2999877929688,1187879.0
2025-11-11,533.0,536.9000244140625,524.4500122070312,529.2000122070312,529.2000122070312,1294251.0
2025-11-12,534.0,536.0499877929688,519.5499877929688,528.0,528.0,1917942.0
2025-11-13,532.0,567.9000244140625,528.0,559.4500122070312,559.4500122070312,12142780.0
2025-11-14,540.0,582.0,537.0499877929688,578.0999755859375,578.0999755859375,15358796.0
2025-11-17,578.8499755859375,586.5,560.0,580.3499755859375,580.3499755859375,4389402.0
2025-11-18,580.0,593.0,573.0499877929688,582.9000244140625,582.9000244140625,3329546.0
2025-11-19,582.0,586.2999877929688,574.0499877929688,579.7999877929688,579.7999877929688,1766917.0
2025-11-20,581.0999755859375,596.75,578.2000122070312,590.5499877929688,590.5499877929688,3184478.0
2025-11-21,588.2000122070312,607.3499755859375,585.9500122070312,591.4000244140625,591.4000244140625,6802438.0
2025-11-24,593.4500122070312,598.0,569.1500244140625,573.9000244140625,573.9000244140625,2468095.0
2025-11-25,570.0999755859375,577.5,566.8499755859375,570.3499755859375,570.3499755859375,1189469.0
2025-11-26,575.0,607.0999755859375,569.2999877929688,604.2000122070312,604.2000122070312,5281182.0
2025-11-27,606.0,607.3499755859375,584.0,585.5,585.5,1803899.0
2025-11-28,585.5,598.2999877929688,582.8499755859375,590.9000244140625,590.9000244140625,2063578.0
2025-12-01,590.0,597.6500244140625,586.5499877929688,592.5,592.5,930540.0
2025-12-02,591.0,597.2000122070312,582.7000122070312,587.2000122070312,587.2000122070312,1274027.0
2025-12-03,584.0,584.7999877929688,569.3499755859375,572.0999755859375,572.0999755859375,1584179.0
2025-12-04,572.0999755859375,589.8499755859375,569.1500244140625,579.0499877929688,579.0499877929688,2158733.0
2025-12-05,578.5,579.0499877929688,544.2999877929688,553.9000244140625,553.9000244140625,2324872.0
2025-12-08,546.0,554.75,521.5,529.5999755859375,529.5999755859375,4622542.0
2025-12-09,529.6500244140625,566.5,521.25,556.4500122070312,556.4500122070312,9378408.0
2025-12-10,554.0,558.4000244140625,536.2000122070312,540.1500244140625,540.1500244140625,3278593.0
2025-12-11,541.7000122070312,553.9000244140625,539.2999877929688,548.2000122070312,548.2000122070312,2186130.0
2025-12-12,552.0,575.9500122070312,544.2000122070312,567.0999755859375,567.0999755859375,4093056.0
2025-12-15,566.0,577.0,561.2999877929688,564.75,564.75,1825949.0
2025-12-16,563.0499877929688,575.2999877929688,551.5999755859375,570.9500122070312,570.9500122070312,2664479.0
2025-12-17,567.4000244140625,569.9000244140625,557.0999755859375,563.75,563.75,1337525.0
2025-12-18,562.0,570.7000122070312,559.5,566.3499755859375,566.3499755859375,1065670.0
2025-12-19,569.0,584.0,568.0,582.0,582.0,1478823.0
2025-12-22,584.9000244140625,588.7999877929688,576.0,579.5499877929688,579.5499877929688,1087361.0
2025-12-23,579.5499877929688,580.9000244140625,572.8499755859375,576.0,576.0,887580.0
2025-12-24,578.0,590.3499755859375,574.9500122070312,581.5999755859375,581.5999755859375,1768059.0
2025-12-26,578.0,593.3499755859375,577.0499877929688,581.0499877929688,581.0499877929688,1499899.0
2025-12-29,583.9000244140625,583.9000244140625,567.25,574.0499877929688,574.0499877929688,1204808.0
2025-12-30,571.0,576.0,559.6500244140625,562.0499877929688,562.0499877929688,3297672.0
2025-12-31,560.1500244140625,582.4500122070312,560.1500244140625,575.2999877929688,575.2999877929688,2081910.0
2026-01-01,577.9000244140625,580.5499877929688,571.3499755859375,578.9500122070312,578.9500122070312,590083.0
2026-01-02,578.5,612.0,577.1500244140625,602.7000122070312,602.7000122070312,4817198.0
2026-01-05,605.0,644.4000244140625,600.9000244140625,630.5999755859375,630.5999755859375,8409335.0
2026-01-06,633.8499755859375,633.8499755859375,618.2000122070312,626.5999755859375,626.5999755859375,1942234.0
2026-01-07,624.7000122070312,633.75,619.2999877929688,622.4000244140625,622.4000244140625,1165883.0
2026-01-08,622.0,626.3499755859375,605.3499755859375,608.4000244140625,608.4000244140625,1145477.0
2026-01-09,605.6500244140625,615.0,592.1500244140625,595.7000122070312,595.7000122070312,1222869.0
2026-01-12,595.7000122070312,601.0499877929688,581.75,595.5499877929688,595.5499877929688,2179270.0
2026-01-13,597.5499877929688,600.7999877929688,580.3499755859375,591.7000122070312,591.7000122070312,1327548.0
2026-01-14,588.0,599.6500244140625,584.5999755859375,587.2999877929688,587.2999877929688,1129651.0
2026-01-15,587.2999877929688,587.2999877929688,587.2999877929688,587.2999877929688,587.2999877929688,0.0
2026-01-16,587.2999877929688,600.4000244140625,582.5999755859375,585.75,585.75,1647042.0
2026-01-19,582.0,586.7000122070312,567.6500244140625,575.4500122070312,575.4500122070312,1266180.0
2026-01-20,570.5,572.9500122070312,549.0999755859375,551.4000244140625,551.4000244140625,2281119.0
2026-01-21,549.5,551.5,524.25,533.0,533.0,2879058.0
2026-01-22,540.0,549.0,525.5999755859375,530.4000244140625,530.4000244140625,1330291.0
2026-01-23,527.0,545.8499755859375,507.6499938964844,510.3500061035156,510.3500061035156,1960594.0
2026-01-27,520.0,524.8499755859375,506.3999938964844,518.5499877929688,518.5499877929688,2259696.0
2026-01-28,518.6500244140625,544.0,518.6500244140625,540.0499877929688,540.0499877929688,1407305.0
2026-01-29,542.0,548.0,523.0499877929688,528.7999877929688,528.7999877929688,2244657.0
2026-01-30,525.0,564.2000122070312,520.75,547.7000122070312,547.7000122070312,4531512.0
2026-02-02,541.5,566.0,526.25,562.7999877929688,562.7999877929688,3502398.0
2026-02-03,588.0499877929688,609.2000122070312,543.5,562.0999755859375,562.0999755859375,13130434.0
2026-02-04,561.2999877929688,595.5,560.7000122070312,591.3499755859375,591.3499755859375,4632840.0
2026-02-05,595.0,595.0,579.2999877929688,584.9500122070312,584.9500122070312,1278505.0
2026-02-06,579.7000122070312,588.0,562.3499755859375,584.9000244140625,584.9000244140625,2196786.0
2026-02-09,590.0,604.6500244140625,585.9500122070312,593.1500244140625,593.1500244140625,2974053.0
2026-02-10,599.0,615.5999755859375,595.5,601.7999877929688,601.7999877929688,3360946.0
2026-02-11,604.0,624.9500122070312,597.0,617.75,617.75,2672676.0
2026-02-12,616.9500122070312,628.4000244140625,608.7999877929688,623.6500244140625,623.6500244140625,1671768.0
2026-02-13,615.0,622.4500122070312,601.9000244140625,615.4500122070312,615.4500122070312,1419692.0
2026-02-16,613.2999877929688,626.25,608.5,619.5999755859375,619.5999755859375,1595054.0
2026-02-17,615.2000122070312,628.9000244140625,612.0499877929688,626.5499877929688,626.5499877929688,1111161.0
2026-02-18,630.9500122070312,632.0,618.2999877929688,627.2999877929688,627.2999877929688,1059584.0
2026-02-19,625.7999877929688,630.5999755859375,604.2000122070312,606.7999877929688,606.7999877929688,850389.0
2026-02-20,603.0,620.0,603.0,614.2000122070312,614.2000122070312,1026314.0
2026-02-23,614.2000122070312,622.9500122070312,600.5999755859375,607.1500244140625,607.1500244140625,1354151.0
2026-02-24,602.0999755859375,619.9000244140625,602.0999755859375,613.3499755859375,613.3499755859375,1369357.0
2026-02-25,614.9500122070312,626.2999877929688,609.5,621.7000122070312,621.7000122070312,1578456.0
2026-02-26,621.7000122070312,631.7000122070312,619.0,624.6500244140625,624.6500244140625,1039233.0
2026-02-27,621.0,634.6500244140625,616.5499877929688,627.9000244140625,627.9000244140625,1612812.0
2026-03-02,595.0499877929688,620.3499755859375,595.0499877929688,617.2999877929688,617.2999877929688,1893193.0
2026-03-04,600.0,606.9500122070312,576.2999877929688,592.9500122070312,592.9500122070312,2730154.0
2026-03-05,597.0,617.7999877929688,583.0999755859375,614.4500122070312,614.4500122070312,2091798.0
2026-03-06,610.0,620.75,606.0499877929688,609.25,609.25,1329197.0
2026-03-09,599.0,599.0,517.5,522.3499755859375,522.3499755859375,11304952.0
2026-03-10,532.0,552.0,517.0,544.0999755859375,544.0999755859375,10824110.0
2026-03-11,553.0,564.4000244140625,544.75,550.0999755859375,550.0999755859375,4609367.0
2026-03-12,544.9500122070312,546.7999877929688,527.0,532.2000122070312,532.2000122070312,3360029.0
2026-03-13,530.0,534.4000244140625,490.6499938964844,502.2000122070313,502.2000122070313,10933102.0
2026-03-16,504.1499938964844,510.9500122070313,486.0,507.3500061035156,507.3500061035156,4784689.0
2026-03-17,513.2999877929688,529.0,511.6000061035156,523.8499755859375,523.8499755859375,5305764.0
2026-03-18,529.75,542.5499877929688,525.4000244140625,536.8499755859375,536.8499755859375,2950926.0
2026-03-19,519.8499755859375,526.4500122070312,502.2000122070313,504.6000061035156,504.6000061035156,3658602.0
2026-03-20,511.9500122070313,520.9500122070312,507.3999938964844,512.75,512.75,3262832.0
2026-03-23,500.0,500.0,481.2000122070313,494.7000122070313,494.7000122070313,4164822.0
2026-03-24,506.0,506.0,485.6499938964844,501.7000122070313,501.7000122070313,3915828.0
2026-03-25,515.0,546.9000244140625,513.6500244140625,517.2000122070312,517.2000122070312,8024061.0
2026-03-27,512.0499877929688,514.9500122070312,485.6000061035156,488.0,488.0,3276476.0
2026-03-30,480.0,494.7000122070313,467.0,469.8999938964844,469.8999938964844,3987020.0
2026-04-01,486.9500122070313,500.0,474.6000061035156,480.8999938964844,480.8999938964844,3199679.0
2026-04-02,472.0,474.9500122070313,443.0499877929688,454.4500122070313,454.4500122070313,7516982.0
2026-04-06,455.7999877929688,457.6499938964844,436.5499877929688,451.6499938964844,451.6499938964844,6915579.0
2026-04-07,451.6000061035156,451.6000061035156,437.2999877929688,440.6499938964844,440.6499938964844,5549876.0
2026-04-08,471.1000061035156,493.0,462.2999877929688,482.3500061035156,482.3500061035156,8706149.0
2026-04-09,480.0,483.8999938964844,462.2000122070313,479.7999877929688,479.7999877929688,6332528.0
2026-04-10,486.3999938964844,503.8500061035156,484.1499938964844,486.75,486.75,4608168.0
2026-04-13,470.4500122070313,490.6499938964844,462.25,486.8500061035156,486.8500061035156,3213698.0
2026-04-15,502.0,544.25,494.75,537.9000244140625,537.9000244140625,12552393.0
2026-04-16,538.5,560.8499755859375,538.5,557.6500244140625,557.6500244140625,6605253.0
2026-04-17,558.0499877929688,565.0,551.3499755859375,561.4000244140625,561.4000244140625,2859883.0
2026-04-20,561.0,566.75,549.25,559.0499877929688,559.0499877929688,2277436.0
2026-04-21,559.5499877929688,569.75,559.3499755859375,562.1500244140625,562.1500244140625,1801968.0
2026-04-22,559.9500122070312,577.9500122070312,556.2000122070312,568.6500244140625,568.6500244140625,2811624.0
2026-04-23,564.0999755859375,569.5499877929688,548.4000244140625,550.5,550.5,2918930.0
2026-04-24,552.0999755859375,558.5,542.75,547.1500244140625,547.1500244140625,2152348.0
2026-04-27,554.9000244140625,570.0,550.5999755859375,564.5,564.5,2482814.0
2026-04-28,566.0,571.5999755859375,557.7999877929688,563.0499877929688,563.0499877929688,1907002.0
2026-04-29,565.5,567.9000244140625,546.7999877929688,550.75,550.75,1917272.0
2026-04-30,545.0,545.0,519.0499877929688,534.0,534.0,4643646.0
2026-05-01,534.0,534.0,534.0,534.0,534.0,0.0
2026-05-04,537.0,538.8499755859375,526.5499877929688,534.5,534.5,1195984.0
2026-05-05,532.0,547.4500122070312,530.6500244140625,532.3499755859375,532.3499755859375,1335371.0
2026-05-06,536.25,547.6500244140625,530.5499877929688,544.5,544.5,1638893.0
2026-05-07,547.0,549.75,532.9000244140625,535.5,535.5,2025640.0
2026-05-08,536.0,536.0,524.6500244140625,530.3499755859375,530.3499755859375,1809874.0
2026-05-11,524.9500122070312,533.2999877929688,509.0,510.3999938964844,510.3999938964844,2455149.0
2026-05-12,508.0,513.5499877929688,491.8999938964844,493.8999938964844,493.8999938964844,1445664.0
2026-05-13,491.8999938964844,507.3500061035156,491.8999938964844,495.5,495.5,1432631.0
2026-05-14,500.0,501.1499938964844,474.3999938964844,491.75,491.75,2900617.0
2026-05-15,490.6000061035156,492.5,482.25,487.1000061035156,487.1000061035156,1195634.0
2026-05-18,482.25,483.2000122070313,452.4500122070313,458.6000061035156,458.6000061035156,4147429.0
2026-05-19,459.0,476.0,457.2999877929688,466.1499938964844,466.1499938964844,2907898.0
2026-05-20,462.0,464.25,451.6000061035156,461.8500061035156,461.8500061035156,3676497.0
2026-05-21,470.0,475.0,462.5499877929688,464.25,464.25,1852710.0
2026-05-22,465.0,477.75,464.2999877929688,467.0,467.0,2436494.0
2026-05-25,479.6000061035156,479.6000061035156,470.0,471.25,471.25,2811565.0
2026-05-26,471.0,481.3999938964844,465.0499877929688,466.9500122070313,466.9500122070313,2188774.0
2026-05-27,466.9500122070313,481.3500061035156,465.6000061035156,476.0499877929688,476.0499877929688,3911358.0
2026-05-28,476.0499877929688,476.0499877929688,476.0499877929688,476.0499877929688,476.0499877929688,0.0
2026-05-29,466.3500061035156,493.8999938964844,458.8999938964844,482.5499877929688,482.5499877929688,11009379.0
2026-06-01,483.9500122070313,487.3999938964844,466.4500122070313,470.3999938964844,470.3999938964844,3235221.0
2026-06-02,470.2000122070313,483.0,462.0499877929688,480.3999938964844,480.3999938964844,2191302.0
2026-06-03,480.3999938964844,481.3500061035156,465.3500061035156,471.4500122070313,471.4500122070313,1861741.0
2026-06-04,470.0,496.3500061035156,468.2000122070313,492.8999938964844,492.8999938964844,4844362.0
2026-06-05,495.3999938964844,496.2000122070313,482.1499938964844,485.3500061035156,485.3500061035156,1852977.0
2026-06-08,476.1000061035156,479.9500122070313,467.0,470.3999938964844,470.3999938964844,2934610.0
2026-06-09,475.0,484.6000061035156,470.6499938964844,479.7999877929688,479.7999877929688,1870093.0
2026-06-10,479.7999877929688,479.7999877929688,463.3999938964844,465.8999938964844,465.8999938964844,1466643.0
2026-06-11,462.9500122070313,469.9500122070313,457.0,459.0,459.0,2181841.0
2026-06-12,467.5,487.0,465.5,483.2999877929688,483.2999877929688,6143846.0
2026-06-15,496.3500061035156,506.2999877929688,490.3500061035156,492.7999877929688,492.7999877929688,2911991.0
2026-06-16,494.7000122070313,531.75,491.5,527.4500122070312,527.4500122070312,13020553.0
2026-06-17,527.4500122070312,550.5499877929688,527.0,545.6500244140625,545.6500244140625,5646131.0
2026-06-18,554.0,566.9000244140625,546.5,564.25,563.9835205078125,4106257.0
2026-06-19,565.0999755859375,568.2000122070312,554.6500244140625,560.5,560.2352905273438,2528045.0
2026-06-22,564.0,579.0,556.4000244140625,567.5,567.2319946289062,3659335.0
2026-06-23,568.4500122070312,573.0,561.25,562.4000244140625,562.1344604492188,2419484.0
2026-06-24,562.8499755859375,562.9500122070312,549.4500122070312,553.75,553.4884643554688,1579125.0
2026-06-25,556.5499877929688,561.5999755859375,544.75,545.9000244140625,545.6422119140625,1155036.0
2026-06-26,545.9000244140625,545.9000244140625,545.9000244140625,545.9000244140625,545.6422119140625,0.0
2026-06-29,546.0,549.3499755859375,534.0999755859375,536.5,536.2466430664062,1031847.0
2026-06-30,536.0,539.25,530.5999755859375,533.4000244140625,533.1481323242188,1390418.0
2026-07-01,533.5999755859375,552.2000122070312,533.5999755859375,550.7999877929688,550.5398559570312,2147099.0
2026-07-02,556.2000122070312,565.9500122070312,554.0499877929688,561.0999755859375,560.8350219726562,1673267.0
2026-07-03,564.0,565.8499755859375,556.5999755859375,562.5,562.234375,902066.0
2026-07-06,561.0499877929688,574.5,555.5499877929688,570.4000244140625,570.1306762695312,1867683.0
2026-07-07,572.0,594.5,569.6500244140625,578.5999755859375,578.3267211914062,4649861.0
2026-07-08,573.7999877929688,585.6500244140625,558.0999755859375,562.7000122070312,562.4342651367188,1855286.0
2026-07-09,566.5499877929688,587.5499877929688,566.0,583.7000122070312,583.4243774414062,2507674.0
2026-07-10,586.6500244140625,593.5,578.2999877929688,583.1500244140625,582.8746337890625,1121288.0
2026-07-13,576.0,607.8499755859375,573.0,595.8499755859375,595.568603515625,3692062.0
2026-07-14,590.4000244140625,603.0,583.0,601.0999755859375,600.8161010742188,2938064.0
2026-07-15,603.4000244140625,610.5,593.5,599.75,599.466796875,2088442.0
2026-07-16,601.0,631.0,600.2000122070312,620.9500122070312,620.6567993164062,4843856.0
2026-07-17,622.25,624.7999877929688,604.0,617.6500244140625,617.3583374023438,2127676.0
2026-07-20,611.7000122070312,625.9000244140625,606.25,620.9000244140625,620.6068115234375,1867048.0
2026-07-21,620.9000244140625,622.4000244140625,607.3499755859375,610.1500244140625,609.8618774414062,1165059.0
2026-07-22,604.5999755859375,606.0,570.0499877929688,575.4000244140625,575.1282958984375,3734783.0
2026-07-23,571.3499755859375,588.0,570.0499877929688,576.6500244140625,576.377685546875,1548338.0
2026-07-24,570.9500122070312,575.9000244140625,561.4000244140625,572.4500122070312,572.1796875,870572.0
2026-07-27,580.0,586.7999877929688,577.0,579.7000122070312,579.42626953125,769994.0
2026-07-28,578.4000244140625,588.5499877929688,571.5,585.4500122070312,585.1735229492188,1104930.0
2026-07-29,588.0,619.0499877929688,585.0999755859375,612.4500122070312,612.1607666015625,2208477.0
2026-07-30,614.2000122070312,622.6500244140625,606.2999877929688,613.0,612.7105102539062,1580725.0
2026-07-31,615.0,627.4500122070312,608.0,613.3499755859375,613.060302734375,1858933.0
2026-08-03,616.0,629.0,612.2000122070312,618.0,617.7081298828125,1239700.0
2026-08-04,619.0,629.4500122070312,607.0,612.0,611.7109985351562,1299002.0
2026-08-05,617.5499877929688,632.5,602.5999755859375,603.0,602.7152099609375,3473699.0
2026-08-06,607.7000122070312,616.2000122070312,597.0,609.75,609.4620361328125,2646585.0
2026-08-07,614.2999877929688,643.9500122070312,602.4500122070312,630.6500244140625,630.3521728515625,11060038.0
2026-08-10,630.75,630.75,610.5999755859375,621.7999877929688,621.50634765625,2389841.0
2026-08-11,622.0,627.0,613.0999755859375,616.0,615.7091064453125,1307957.0
2026-08-12,616.0,620.7999877929688,604.25,614.6500244140625,614.3597412109375,2976044.0
2026-08-13,610.2999877929688,615.2999877929688,603.0,615.0,614.7095947265625,1981830.0
2026-08-14,611.9500122070312,615.9000244140625,599.5,601.0,600.7161865234375,840464.0
2026-08-17,600.0999755859375,614.0,594.25,614.0,613.7100219726562,1055830.0
2026-08-18,609.0,614.2999877929688,594.5,597.0,596.7180786132812,2081510.0
2026-08-19,595.9000244140625,606.0,584.5,601.9000244140625,601.6157836914062,1419102.0
2026-08-20,606.4000244140625,613.7000122070312,602.0499877929688,602.0499877929688,601.7656860351562,1434531.0
2026-08-21,603.0,610.0,600.0999755859375,600.5499877929688,600.266357421875,1074160.0
2026-08-24,601.9500122070312,603.5499877929688,596.2000122070312,597.0,596.7180786132812,648457.0
2026-08-25,597.0,601.5999755859375,592.0499877929688,594.3499755859375,594.0692749023438,559806.0
2026-08-26,601.0,601.25,586.4500122070312,587.1500244140625,586.8727416992188,878124.0
2026-08-27,587.1500244140625,604.7000122070312,587.1500244140625,596.0,595.7185668945312,1069342.0
2026-08-28,596.0,598.7000122070312,584.1500244140625,585.8499755859375,585.5733032226562,533664.0
2026-08-31,585.3499755859375,585.5499877929688,571.4000244140625,581.0,580.7256469726562,986065.0
2026-09-01,575.0,578.5,566.0,569.9000244140625,569.6309204101562,728869.0
2026-09-02,566.0,567.4500122070312,556.2000122070312,566.0,565.7327270507812,1907087.0
2026-09-03,567.0,572.1500244140625,551.8499755859375,553.9000244140625,553.638427734375,1028501.0
2026-09-04,554.9000244140625,564.0,552.0499877929688,562.2999877929688,562.034423828125,990864.0
2026-09-07,560.0,564.6500244140625,554.5,559.5499877929688,559.2857666015625,667138.0
2026-09-08,557.8499755859375,562.0,551.0499877929688,553.7000122070312,553.4385375976562,1171922.0
2026-09-09,553.5,557.1500244140625,539.4500122070312,542.5,542.2438354492188,1621300.0
2026-09-10,542.5,548.25,538.5,542.0,541.7440185546875,786316.0
2026-09-11,537.5,545.0,527.5,545.0,544.7426147460938,852250.0
2026-09-14,545.0,545.0,545.0,545.0,544.7426147460938,0.0
2026-09-15,543.75,545.0,515.1500244140625,518.0,517.75537109375,837345.0
2026-09-16,515.25,527.0,513.0,523.8499755859375,523.6026000976562,768516.0
2026-09-17,524.0,533.7000122070312,519.2999877929688,529.3499755859375,529.0999755859375,420677.0
2026-09-18,529.3499755859375,541.4500122070312,529.1500244140625,529.1500244140625,529.1500244140625,570498.0
2026-09-21,531.5999755859375,538.9000244140625,528.0499877929688,536.5499877929688,536.5499877929688,853299.0
2026-09-22,540.0,541.4500122070312,519.0,520.2000122070312,520.2000122070312,855489.0
2026-09-23,522.8499755859375,527.5,519.0,521.1500244140625,521.1500244140625,546381.0
2026-09-24,519.7000122070312,524.75,512.0,514.4500122070312,514.4500122070312,732431.0
2026-09-25,513.5999755859375,520.4000244140625,512.0499877929688,518.5,518.5,483547.0
2026-09-28,521.0,521.0,505.1000061035156,507.0,507.0,505840.0
